0 ~Wheel Rim 20 x 30 - Axle Mount
0 Name: s\54087s09.dat
0 Author: Marc Klein [marckl]
0 !LDRAW_ORG Unofficial_Subpart
0 !LICENSE Redistributable under CCAL version 2.0 : see CAreadme.txt

0 BFC CERTIFY CCW

0 !HISTORY 2012-08-09 [PTadmin] Official Update 2012-02
0 !HISTORY 2021-02-21 [Philo] Changed axlehole type, adapted to new subpart structure.

1 16 0 0 0 0 0 -1 1 0 0 0 -20 0 axl3hole.dat
2 24 -7.79 4.5 -20 -8.69 2.33 -20
2 24 -6.36 6.36 -20 -7.79 4.5 -20
2 24 2.33 -8.69 -20 4.5 -7.79 -20
2 24 0 -9 -20 2.33 -8.69 -20
2 24 -2.33 -8.69 -20 0 -9 -20
2 24 7.79 -4.5 -20 8.69 -2.33 -20
2 24 6.36 -6.36 -20 7.79 -4.5 -20
2 24 4.5 -7.79 -20 6.36 -6.36 -20
2 24 9 0 -20 8.69 2.33 -20
2 24 8.69 -2.33 -20 9 0 -20
2 24 6.36 6.36 -20 4.5 7.79 -20
2 24 7.79 4.5 -20 6.36 6.36 -20
2 24 8.69 2.33 -20 7.79 4.5 -20
2 24 -9 0 -20 -8.69 -2.33 -20
2 24 -8.69 2.33 -20 -9 0 -20
2 24 -4.5 7.79 -20 -6.36 6.36 -20
2 24 -2.33 8.69 -20 -4.5 7.79 -20
2 24 0 9 -20 -2.33 8.69 -20
2 24 2.33 8.69 -20 0 9 -20
2 24 4.5 7.79 -20 2.33 8.69 -20
2 24 -4.5 -7.79 -20 -2.33 -8.69 -20
2 24 -6.36 -6.36 -20 -4.5 -7.79 -20
2 24 -7.79 -4.5 -20 -6.36 -6.36 -20
2 24 -8.69 -2.33 -20 -7.79 -4.5 -20
2 24 -8.69 2.33 -3.5 -9 0 -3.5
2 24 -7.79 4.5 -3.5 -8.69 2.33 -3.5
2 24 -6.36 6.36 -3.5 -7.79 4.5 -3.5
2 24 -4.5 7.79 -3.5 -6.36 6.36 -3.5
2 24 -2.33 8.69 -3.5 -4.5 7.79 -3.5
2 24 0 9 -3.5 -2.33 8.69 -3.5
2 24 2.33 8.69 -3.5 0 9 -3.5
2 24 4.5 7.79 -3.5 2.33 8.69 -3.5
2 24 6.36 6.36 -3.5 4.5 7.79 -3.5
2 24 7.79 4.5 -3.5 6.36 6.36 -3.5
2 24 8.69 2.33 -3.5 7.79 4.5 -3.5
2 24 9 0 -3.5 8.69 2.33 -3.5
2 24 8.69 -2.33 -3.5 9 0 -3.5
2 24 7.79 -4.5 -3.5 8.69 -2.33 -3.5
2 24 6.36 -6.36 -3.5 7.79 -4.5 -3.5
2 24 4.5 -7.79 -3.5 6.36 -6.36 -3.5
2 24 2.33 -8.69 -3.5 4.5 -7.79 -3.5
2 24 0 -9 -3.5 2.33 -8.69 -3.5
2 24 -2.33 -8.69 -3.5 0 -9 -3.5
2 24 -4.5 -7.79 -3.5 -2.33 -8.69 -3.5
2 24 -6.36 -6.36 -3.5 -4.5 -7.79 -3.5
2 24 -7.79 -4.5 -3.5 -6.36 -6.36 -3.5
2 24 -8.69 -2.33 -3.5 -7.79 -4.5 -3.5
2 24 -9 0 -3.5 -8.69 -2.33 -3.5
4 16 4.5 7.79 -20 2.33 8.69 -20 2.33 8.69 -3.5 4.5 7.79 -3.5
5 24 2.33 8.69 -20 2.33 8.69 -3.5 4.5 7.79 -3.5 0 9 -20
5 24 4.5 7.79 -3.5 4.5 7.79 -20 2.33 8.69 -20 6.36 6.36 -3.5
4 16 6.36 6.36 -20 4.5 7.79 -20 4.5 7.79 -3.5 6.36 6.36 -3.5
5 24 6.36 6.36 -3.5 6.36 6.36 -20 4.5 7.79 -20 7.79 4.5 -3.5
4 16 7.79 4.5 -20 6.36 6.36 -20 6.36 6.36 -3.5 7.79 4.5 -3.5
5 24 7.79 4.5 -3.5 7.79 4.5 -20 6.36 6.36 -20 8.69 2.33 -3.5
4 16 8.69 2.33 -20 7.79 4.5 -20 7.79 4.5 -3.5 8.69 2.33 -3.5
5 24 8.69 2.33 -3.5 8.69 2.33 -20 7.79 4.5 -20 9 0 -3.5
4 16 9 0 -20 8.69 2.33 -20 8.69 2.33 -3.5 9 0 -3.5
5 24 9 0 -3.5 9 0 -20 8.69 2.33 -20 8.69 -2.33 -3.5
4 16 8.69 -2.33 -20 9 0 -20 9 0 -3.5 8.69 -2.33 -3.5
5 24 8.69 -2.33 -3.5 8.69 -2.33 -20 9 0 -20 7.79 -4.5 -3.5
4 16 7.79 -4.5 -20 8.69 -2.33 -20 8.69 -2.33 -3.5 7.79 -4.5 -3.5
5 24 7.79 -4.5 -3.5 7.79 -4.5 -20 8.69 -2.33 -20 6.36 -6.36 -3.5
4 16 6.36 -6.36 -20 7.79 -4.5 -20 7.79 -4.5 -3.5 6.36 -6.36 -3.5
5 24 6.36 -6.36 -3.5 6.36 -6.36 -20 7.79 -4.5 -20 4.5 -7.79 -3.5
4 16 4.5 -7.79 -20 6.36 -6.36 -20 6.36 -6.36 -3.5 4.5 -7.79 -3.5
5 24 4.5 -7.79 -3.5 4.5 -7.79 -20 6.36 -6.36 -20 2.33 -8.69 -3.5
4 16 2.33 -8.69 -20 4.5 -7.79 -20 4.5 -7.79 -3.5 2.33 -8.69 -3.5
5 24 2.33 -8.69 -3.5 2.33 -8.69 -20 4.5 -7.79 -20 0 -9 -3.5
4 16 0 -9 -20 2.33 -8.69 -20 2.33 -8.69 -3.5 0 -9 -3.5
5 24 0 -9 -3.5 0 -9 -20 2.33 -8.69 -20 -2.33 -8.69 -3.5
4 16 -2.33 -8.69 -20 0 -9 -20 0 -9 -3.5 -2.33 -8.69 -3.5
5 24 -2.33 -8.69 -3.5 -2.33 -8.69 -20 0 -9 -20 -4.5 -7.79 -3.5
4 16 -4.5 -7.79 -20 -2.33 -8.69 -20 -2.33 -8.69 -3.5 -4.5 -7.79 -3.5
5 24 -4.5 -7.79 -3.5 -4.5 -7.79 -20 -2.33 -8.69 -20 -6.36 -6.36 -3.5
4 16 -6.36 -6.36 -20 -4.5 -7.79 -20 -4.5 -7.79 -3.5 -6.36 -6.36 -3.5
5 24 -6.36 -6.36 -3.5 -6.36 -6.36 -20 -4.5 -7.79 -20 -7.79 -4.5 -3.5
4 16 -7.79 -4.5 -20 -6.36 -6.36 -20 -6.36 -6.36 -3.5 -7.79 -4.5 -3.5
5 24 -7.79 -4.5 -3.5 -7.79 -4.5 -20 -6.36 -6.36 -20 -8.69 -2.33 -3.5
4 16 -8.69 -2.33 -20 -7.79 -4.5 -20 -7.79 -4.5 -3.5 -8.69 -2.33 -3.5
5 24 -8.69 -2.33 -3.5 -8.69 -2.33 -20 -7.79 -4.5 -20 -9 0 -3.5
4 16 -9 0 -20 -8.69 -2.33 -20 -8.69 -2.33 -3.5 -9 0 -3.5
5 24 -9 0 -3.5 -9 0 -20 -8.69 -2.33 -20 -8.69 2.33 -3.5
4 16 -8.69 2.33 -20 -9 0 -20 -9 0 -3.5 -8.69 2.33 -3.5
5 24 -8.69 2.33 -3.5 -8.69 2.33 -20 -9 0 -20 -7.79 4.5 -3.5
4 16 -7.79 4.5 -20 -8.69 2.33 -20 -8.69 2.33 -3.5 -7.79 4.5 -3.5
5 24 -7.79 4.5 -3.5 -7.79 4.5 -20 -8.69 2.33 -20 -6.36 6.36 -3.5
4 16 -6.36 6.36 -20 -7.79 4.5 -20 -7.79 4.5 -3.5 -6.36 6.36 -3.5
5 24 -6.36 6.36 -3.5 -6.36 6.36 -20 -7.79 4.5 -20 -4.5 7.79 -3.5
4 16 -4.5 7.79 -20 -6.36 6.36 -20 -6.36 6.36 -3.5 -4.5 7.79 -3.5
5 24 -4.5 7.79 -3.5 -4.5 7.79 -20 -6.36 6.36 -20 -2.33 8.69 -3.5
4 16 -2.33 8.69 -20 -4.5 7.79 -20 -4.5 7.79 -3.5 -2.33 8.69 -3.5
5 24 -2.33 8.69 -3.5 -2.33 8.69 -20 -4.5 7.79 -20 0 9 -3.5
4 16 0 9 -20 -2.33 8.69 -20 -2.33 8.69 -3.5 0 9 -3.5
5 24 0 9 -3.5 0 9 -20 -2.33 8.69 -20 2.33 8.69 -3.5
4 16 2.33 8.69 -20 0 9 -20 0 9 -3.5 2.33 8.69 -3.5
1 16 0 16 10 3 0 0 0 0 3 0 -1 0 2-4edge.dat
1 16 0 16 10 3 0 0 0 0 3 0 -1 0 2-4chrd.dat
1 16 0 -12.5 10 1 0 0 0 0 1 0 -1 0 8\4-4ndis.dat
0 BFC INVERTNEXT
1 16 0 -12.5 9 1 0 0 0 0 1 0 1 0 8\4-4cylo.dat
1 16 0 -12.5 9 1 0 0 0 0 1 0 -1 0 8\4-4disc.dat
1 16 7.3473156536559138669188062787156 -10.112712429686842981235999666285 10 .80901699437494743849887997330275 0 -.58778525229247310935350450229724 .58778525229247310935350450229724 0 .80901699437494743849887997330275 0 -1 0 8\4-4ndis.dat
0 BFC INVERTNEXT
1 16 7.3473156536559138669188062787158 -10.112712429686842981235999666284 9 .80901699437494743849887997330275 0 -.58778525229247310935350450229724 .58778525229247310935350450229724 0 .80901699437494743849887997330275 0 1 0 8\4-4cylo.dat
1 16 7.3473156536559138669188062787158 -10.112712429686842981235999666284 9 .80901699437494743849887997330275 0 -.58778525229247310935350450229724 .58778525229247310935350450229724 0 .80901699437494743849887997330275 0 -1 0 8\4-4disc.dat
1 16 11.888206453689419462237155145535 -3.8627124296868433836328269593316 10 .30901699437494747069062615674651 0 -.95105651629515355697897241164278 .95105651629515355697897241164278 0 .30901699437494747069062615674651 0 -1 0 8\4-4ndis.dat
0 BFC INVERTNEXT
1 16 11.888206453689419462237155145534 -3.862712429686843383632826959331 9 .30901699437494747069062615674651 0 -.95105651629515355697897241164278 .95105651629515355697897241164278 0 .30901699437494747069062615674651 0 1 0 8\4-4cylo.dat
1 16 11.888206453689419462237155145534 -3.862712429686843383632826959331 9 .30901699437494747069062615674651 0 -.95105651629515355697897241164278 .95105651629515355697897241164278 0 .30901699437494747069062615674651 0 -1 0 8\4-4disc.dat
1 16 11.888206453689419935282996449803 3.8627124296868419277474288479656 10 -.30901699437494735421979430783728 0 -.95105651629515359482263971598428 .95105651629515359482263971598428 0 -.30901699437494735421979430783728 0 -1 0 8\4-4ndis.dat
0 BFC INVERTNEXT
1 16 11.888206453689419935282996449803 3.8627124296868419277474288479654 9 -.30901699437494735421979430783728 0 -.95105651629515359482263971598428 .95105651629515359482263971598428 0 -.30901699437494735421979430783728 0 1 0 8\4-4cylo.dat
1 16 11.888206453689419935282996449803 3.8627124296868419277474288479654 9 -.30901699437494735421979430783728 0 -.95105651629515359482263971598428 .95105651629515359482263971598428 0 -.30901699437494735421979430783728 0 -1 0 8\4-4disc.dat
1 16 7.3473156536559151053688970500796 10.112712429686842081449339908787 10 -.80901699437494736651594719270309 0 -.5877852522924732084295117640064 .5877852522924732084295117640064 0 -.80901699437494736651594719270309 0 -1 0 8\4-4ndis.dat
0 BFC INVERTNEXT
1 16 7.34731565365591510536889705008 10.112712429686842081449339908789 9 -.80901699437494736651594719270309 0 -.5877852522924732084295117640064 .5877852522924732084295117640064 0 -.80901699437494736651594719270309 0 1 0 8\4-4cylo.dat
1 16 7.34731565365591510536889705008 10.112712429686842081449339908789 8.9999999999999999999999999999996 -.80901699437494736651594719270309 0 -.5877852522924732084295117640064 .5877852522924732084295117640064 0 -.80901699437494736651594719270309 0 -1 0 8\4-4disc.dat
1 16 -7.3473156536559126284687155073497 10.11271242968684388102265942378 10 -.80901699437494751048181275390241 0 .58778525229247301027749724058808 -.58778525229247301027749724058808 0 -.80901699437494751048181275390241 0 -1 0 8\4-4ndis.dat
0 BFC INVERTNEXT
1 16 -7.3473156536559126284687155073515 10.112712429686843881022659423781 9 -.80901699437494751048181275390241 0 .58778525229247301027749724058808 -.58778525229247301027749724058808 0 -.80901699437494751048181275390241 0 1 0 8\4-4cylo.dat
1 16 -7.3473156536559126284687155073505 10.112712429686843881022659423779 9 -.80901699437494751048181275390241 0 .58778525229247301027749724058808 -.58778525229247301027749724058808 0 -.80901699437494751048181275390241 0 -1 0 8\4-4disc.dat
1 16 -11.888206453689418989191313841265 3.8627124296868448395182250706981 10 -.30901699437494758716145800565574 0 .95105651629515351913530510730127 -.95105651629515351913530510730127 0 -.30901699437494758716145800565574 0 -1 0 8\4-4ndis.dat
0 BFC INVERTNEXT
1 16 -11.888206453689418989191313841266 3.8627124296868448395182250706975 9 -.30901699437494758716145800565574 0 .95105651629515351913530510730127 -.95105651629515351913530510730127 0 -.30901699437494758716145800565574 0 1 0 8\4-4cylo.dat
1 16 -11.888206453689418989191313841265 3.8627124296868448395182250706956 9 -.30901699437494758716145800565574 0 .95105651629515351913530510730127 -.95105651629515351913530510730127 0 -.30901699437494758716145800565574 0 -1 0 8\4-4disc.dat
1 16 -11.888206453689420408328837754072 -3.8627124296868404718620307365987 9.9999999999999999999999999999999 .30901699437494723774896245892804 0 .95105651629515363266630702032576 -.95105651629515363266630702032576 0 .30901699437494723774896245892804 0 -1 0 8\4-4ndis.dat
0 BFC INVERTNEXT
1 16 -11.888206453689420408328837754073 -3.8627124296868404718620307365998 9 .30901699437494723774896245892804 0 .95105651629515363266630702032576 -.95105651629515363266630702032576 0 .30901699437494723774896245892804 0 1 0 8\4-4cylo.dat
1 16 -11.888206453689420408328837754072 -3.8627124296868404718620307366017 9.0000000000000000000000000000004 .30901699437494723774896245892804 0 .95105651629515363266630702032576 -.95105651629515363266630702032576 0 .30901699437494723774896245892804 0 -1 0 8\4-4disc.dat
1 16 -7.3473156536559163438189878214451 -10.11271242968684118166268015129 9.9999999999999999999999999999999 .8090169943749472945330144121034 0 .58778525229247330750551902571554 -.58778525229247330750551902571554 0 .8090169943749472945330144121034 0 -1 0 8\4-4ndis.dat
0 BFC INVERTNEXT
1 16 -7.3473156536559163438189878214454 -10.112712429686841181662680151292 9.0000000000000000000000000000002 .8090169943749472945330144121034 0 .58778525229247330750551902571554 -.58778525229247330750551902571554 0 .8090169943749472945330144121034 0 1 0 8\4-4cylo.dat
1 16 -7.3473156536559163438189878214443 -10.112712429686841181662680151293 9.0000000000000000000000000000004 .8090169943749472945330144121034 0 .58778525229247330750551902571554 -.58778525229247330750551902571554 0 .8090169943749472945330144121034 0 -1 0 8\4-4disc.dat
4 16 0 -11.5 10 0 -10 10 -2.58819 -9.659258 10 -1 -11.5 10
4 16 -1 -11.5 10 -2.58819 -9.659258 10 -3.882286 -14.48889 10 -1 -13.5 10
4 16 -1 -13.5 10 -3.882286 -14.48889 10 0 -15 10 0 -13.5 10
4 16 -3.882286 -14.48889 10 -2.58819 -9.659258 10 -5 -8.660254 10 -7.5 -12.99038 10
4 16 -7.5 -12.99038 10 -5 -8.660254 10 -5.950513 -9.891481 10 -7.126084 -11.50951 10
4 16 -10.6066 -10.6066 10 -7.5 -12.99038 10 -7.126084 -11.50951 10 -8.744118 -10.33394 10
4 16 -10.6066 -10.6066 10 -8.744118 -10.33394 10 -7.568547 -8.71591 10 -7.071068 -7.071068 10
4 16 -7.071068 -7.071068 10 -7.568547 -8.71591 10 -5.950513 -9.891481 10 -5 -8.660254 10
4 16 -10.6066 -10.6066 10 -7.071068 -7.071068 10 -8.660254 -5 10 -12.99038 -7.5 10
4 16 -10.62813 -4.504752 10 -12.53025 -5.122786 10 -12.99038 -7.5 10 -8.660254 -5 10
4 16 -10.62813 -4.504752 10 -8.660254 -5 10 -9.659258 -2.58819 10 -11.24617 -2.602639 10
4 16 -13.14828 -3.220673 10 -14.48889 -3.882286 10 -12.99038 -7.5 10 -12.53025 -5.122786 10
4 16 -15 2.755455e-015 10 -13.14828 -3.220673 10 -11.24617 -2.602639 10 -10 1.83697e-015 10
3 16 -10 1.83697e-015 10 -11.24617 -2.602639 10 -9.659258 -2.58819 10
3 16 -13.14828 -3.220673 10 -15 2.755455e-015 10 -14.48889 -3.882286 10
4 16 0 10 10 -3 14.605 10 -3.882286 14.48889 10 -2.58819 9.659258 10
4 16 -5 8.660254 10 -2.58819 9.659258 10 -3.882286 14.48889 10 -7.5 12.99038 10
4 16 -5.950513 9.891481 10 -5 8.660254 10 -7.5 12.99038 10 -7.126084 11.50951 10
4 16 -7.126084 11.50951 10 -7.5 12.99038 10 -10.6066 10.6066 10 -8.744118 10.33394 10
4 16 -7.568547 8.71591 10 -8.744118 10.33394 10 -10.6066 10.6066 10 -7.071068 7.071068 10
4 16 -5.950513 9.891481 10 -7.568547 8.71591 10 -7.071068 7.071068 10 -5 8.660254 10
4 16 -8.660254 5 10 -7.071068 7.071068 10 -10.6066 10.6066 10 -12.99038 7.5 10
4 16 -12.99038 7.5 10 -12.53025 5.122786 10 -10.62813 4.504752 10 -8.660254 5 10
4 16 -9.659258 2.58819 10 -8.660254 5 10 -10.62813 4.504752 10 -11.24617 2.602639 10
4 16 -12.99038 7.5 10 -14.48889 3.882286 10 -13.14828 3.220673 10 -12.53025 5.122786 10
4 16 -11.24617 2.602639 10 -13.14828 3.220673 10 -15 -2.755455e-015 10 -10 -1.83697e-015 10
3 16 -11.24617 2.602639 10 -10 -1.83697e-015 10 -9.659258 2.58819 10
3 16 -15 -2.755455e-015 10 -13.14828 3.220673 10 -14.48889 3.882286 10
4 16 2.58819 -9.659258 10 0 -10 10 0 -11.5 10 1 -11.5 10
4 16 3.882286 -14.48889 10 2.58819 -9.659258 10 1 -11.5 10 1 -13.5 10
4 16 0 -15 10 3.882286 -14.48889 10 1 -13.5 10 0 -13.5 10
4 16 5 -8.660254 10 2.58819 -9.659258 10 3.882286 -14.48889 10 7.5 -12.99038 10
4 16 5.950513 -9.891481 10 5 -8.660254 10 7.5 -12.99038 10 7.126084 -11.50951 10
4 16 7.126084 -11.50951 10 7.5 -12.99038 10 10.6066 -10.6066 10 8.744118 -10.33394 10
4 16 7.568547 -8.71591 10 8.744118 -10.33394 10 10.6066 -10.6066 10 7.071068 -7.071068 10
4 16 5.950513 -9.891481 10 7.568547 -8.71591 10 7.071068 -7.071068 10 5 -8.660254 10
4 16 8.660254 -5 10 7.071068 -7.071068 10 10.6066 -10.6066 10 12.99038 -7.5 10
4 16 12.99038 -7.5 10 12.53025 -5.122786 10 10.62813 -4.504752 10 8.660254 -5 10
4 16 9.659258 -2.58819 10 8.660254 -5 10 10.62813 -4.504752 10 11.24617 -2.602639 10
4 16 12.99038 -7.5 10 14.48889 -3.882286 10 13.14828 -3.220673 10 12.53025 -5.122786 10
4 16 11.24617 -2.602639 10 13.14828 -3.220673 10 15 2.755455e-015 10 10 1.83697e-015 10
3 16 11.24617 -2.602639 10 10 1.83697e-015 10 9.659258 -2.58819 10
3 16 15 2.755455e-015 10 13.14828 -3.220673 10 14.48889 -3.882286 10
4 16 3.882286 14.48889 10 3 14.605 10 0 10 10 2.58819 9.659258 10
4 16 3.882286 14.48889 10 2.58819 9.659258 10 5 8.660254 10 7.5 12.99038 10
4 16 7.5 12.99038 10 5 8.660254 10 5.950513 9.891481 10 7.126084 11.50951 10
4 16 10.6066 10.6066 10 7.5 12.99038 10 7.126084 11.50951 10 8.744118 10.33394 10
4 16 10.6066 10.6066 10 8.744118 10.33394 10 7.568547 8.71591 10 7.071068 7.071068 10
4 16 7.071068 7.071068 10 7.568547 8.71591 10 5.950513 9.891481 10 5 8.660254 10
4 16 10.6066 10.6066 10 7.071068 7.071068 10 8.660254 5 10 12.99038 7.5 10
4 16 10.62813 4.504752 10 12.53025 5.122786 10 12.99038 7.5 10 8.660254 5 10
4 16 10.62813 4.504752 10 8.660254 5 10 9.659258 2.58819 10 11.24617 2.602639 10
4 16 13.14828 3.220673 10 14.48889 3.882286 10 12.99038 7.5 10 12.53025 5.122786 10
4 16 15 2.755455e-015 10 13.14828 3.220673 10 11.24617 2.602639 10 10 1.83697e-015 10
3 16 10 1.83697e-015 10 11.24617 2.602639 10 9.659258 2.58819 10
3 16 13.14828 3.220673 10 15 2.755455e-015 10 14.48889 3.882286 10
1 16 0 15.3025 10 0 0 3 -0.6975 0 0 0 -1 0 rect2p.dat
3 16 1.224647e-015 10 10 3 14.605 10 -3 14.605 10
4 16 -6 0 0 -10 0 0 -9.66 -2.59 0 -5.543 -2.296 0
4 16 -5.213 -2.791 0 -5.543 -2.296 0 -9.66 -2.59 0 -8.66 -5 0
4 16 -4.243 -4.243 0 -5.213 -2.791 0 -8.66 -5 0 -7.07 -7.07 0
4 16 -2.791 -5.213 0 -4.243 -4.243 0 -7.07 -7.07 0 -5 -8.66 0
4 16 -2.296 -5.543 0 -2.791 -5.213 0 -5 -8.66 0 -2.59 -9.66 0
4 16 0 -6 0 -2.296 -5.543 0 -2.59 -9.66 0 0 -10 0
4 16 2 -5.602 0 0 -6 0 0 -10 0 2.59 -9.66 0
4 16 2.296 -5.543 0 2 -5.602 0 2.59 -9.66 0 5 -8.66 0
4 16 4.243 -4.243 0 2.296 -5.543 0 5 -8.66 0 7.07 -7.07 0
4 16 5.543 -2.296 0 4.243 -4.243 0 7.07 -7.07 0 8.66 -5 0
4 16 5.602 -2 0 5.543 -2.296 0 8.66 -5 0 9.66 -2.59 0
4 16 6 0 0 5.602 -2 0 9.66 -2.59 0 10 0 0
4 16 6 0 0 10 0 0 9.66 2.59 0 5.543 2.296 0
4 16 5.213 2.791 0 5.543 2.296 0 9.66 2.59 0 8.66 5 0
4 16 4.243 4.243 0 5.213 2.791 0 8.66 5 0 7.07 7.07 0
4 16 2.791 5.213 0 4.243 4.243 0 7.07 7.07 0 5 8.66 0
4 16 2.296 5.543 0 2.791 5.213 0 5 8.66 0 2.59 9.66 0
4 16 0 6 0 2.296 5.543 0 2.59 9.66 0 0 10 0
4 16 -2 5.602 0 0 6 0 0 10 0 -2.59 9.66 0
4 16 -2.296 5.543 0 -2 5.602 0 -2.59 9.66 0 -5 8.66 0
4 16 -4.243 4.243 0 -2.296 5.543 0 -5 8.66 0 -7.07 7.07 0
4 16 -5.543 2.296 0 -4.243 4.243 0 -7.07 7.07 0 -8.66 5 0
4 16 -5.602 2 0 -5.543 2.296 0 -8.66 5 0 -9.66 2.59 0
4 16 -6 0 0 -5.602 2 0 -9.66 2.59 0 -10 0 0
4 16 8.69 -2.33 -20 5.602 -2 -20 6 0 -20 9 0 -20
4 16 7.79 -4.5 -20 5.543 -2.296 -20 5.602 -2 -20 8.69 -2.33 -20
4 16 5.543 -2.296 -20 7.79 -4.5 -20 6.36 -6.36 -20 4.243 -4.243 -20
4 16 4.5 -7.79 -20 2.296 -5.543 -20 4.243 -4.243 -20 6.36 -6.36 -20
4 16 2.33 -8.69 -20 2 -5.602 -20 2.296 -5.543 -20 4.5 -7.79 -20
4 16 0 -9 -20 0 -6 -20 2 -5.602 -20 2.33 -8.69 -20
4 16 0 -9 -20 -2.33 -8.69 -20 -2.296 -5.543 -20 0 -6 -20
4 16 -2.296 -5.543 -20 -2.33 -8.69 -20 -4.5 -7.79 -20 -2.791 -5.213 -20
4 16 -6.36 -6.36 -20 -4.243 -4.243 -20 -2.791 -5.213 -20 -4.5 -7.79 -20
4 16 -7.79 -4.5 -20 -5.213 -2.791 -20 -4.243 -4.243 -20 -6.36 -6.36 -20
4 16 -7.79 -4.5 -20 -8.69 -2.33 -20 -5.543 -2.296 -20 -5.213 -2.791 -20
4 16 -6 0 -20 -5.543 -2.296 -20 -8.69 -2.33 -20 -9 0 -20
4 16 -8.69 2.33 -20 -5.602 2 -20 -6 0 -20 -9 0 -20
4 16 -7.79 4.5 -20 -5.543 2.296 -20 -5.602 2 -20 -8.69 2.33 -20
4 16 -5.543 2.296 -20 -7.79 4.5 -20 -6.36 6.36 -20 -4.243 4.243 -20
4 16 -4.5 7.79 -20 -2.296 5.543 -20 -4.243 4.243 -20 -6.36 6.36 -20
4 16 -2.33 8.69 -20 -2 5.602 -20 -2.296 5.543 -20 -4.5 7.79 -20
4 16 0 9 -20 0 6 -20 -2 5.602 -20 -2.33 8.69 -20
4 16 0 9 -20 2.33 8.69 -20 2.296 5.543 -20 0 6 -20
4 16 2.296 5.543 -20 2.33 8.69 -20 4.5 7.79 -20 2.791 5.213 -20
4 16 6.36 6.36 -20 4.243 4.243 -20 2.791 5.213 -20 4.5 7.79 -20
4 16 7.79 4.5 -20 5.213 2.791 -20 4.243 4.243 -20 6.36 6.36 -20
4 16 7.79 4.5 -20 8.69 2.33 -20 5.543 2.296 -20 5.213 2.791 -20
4 16 6 0 -20 5.543 2.296 -20 8.69 2.33 -20 9 0 -20

1 16 0 16 10 3 0 0 0 0 3 0 -10 0 2-4cyli.dat
2 24 2.7717 17.1481 0.436536 2.1213 18.1213 0.218807
2 24 1.1481 18.7717 0.090693 2.1213 18.1213 0.218807
2 24 2.7717 17.1481 0.436536 3 16 0.710804
2 24 0 19 0.071772 1.1481 18.7717 0.090693
2 24 3 14.605 1.053 3 16 0.710804
4 16 3 14.605 10 3 14.605 1.053 3 16 0.710804 3 16 10
2 24 -2.7717 17.1481 0.436536 -2.1213 18.1213 0.218807
2 24 -1.1481 18.7717 0.090693 -2.1213 18.1213 0.218807
2 24 -2.7717 17.1481 0.436536 -3 16 0.710804
2 24 0 19 0.071772 -1.1481 18.7717 0.090693
2 24 -3 14.605 1.053 -3 16 0.710804
4 16 -3 16 0.710804 -3 14.605 1.053 -3 14.605 10 -3 16 10
1 16 3.441 14.547 5.5265 0 0 -0.441 0 -1 0.058 -4.4735 0 0 rect3.dat
1 16 -3.441071 14.54697 5.5265 -0.0001428383 0 0.441 -5.630283e-005 -1 0.058 4.4735 0 0 rect3.dat
