0 FILE Main.ldr
0 Galaxy Explorer 2022
0 Name: Main.ldr
0 Author:  Christian Gudrian

0 CustomBrick
0 NumOfBricks:  1215
1 16 0 -70 1 1 0 0 0 1 0 0 0 1 spaceship.ldr
0 STEP
0 STEP
0 STEP
0 STEP
0 STEP
0 STEP
0 STEP
0 STEP
0 STEP
0 STEP
0 STEP
0 STEP
0 STEP
0 STEP
1 16 0 -104 -408 -1 0 0 0 1 0 0 0 -1 Rover
1 7 -30 -90.753 103.127 -1 0 0 0 0.999 0.045 0 0.045 -0.999 pilot-1.ldr
1 7 30 -90.753 103.127 -1 0 0 0 0.999 0.045 0 0.045 -0.999 pilot-2.ldr
0 NOFILE
0 FILE SubModel Group 1
0 SubModel Group 1
0 Name:  SubModel Group 1
0 Author:  

0 CustomBrick
0 NumOfBricks:  10
1 71 -19.999960 -24.000000 19.999980 0.000000 0.000000 -1.000000 0.000000 1.000000 0.000000 1.000000 0.000000 0.000000 32018.dat
1 1 -19.999960 -14.000000 -0.000010 1.000000 0.000000 0.000000 0.000000 1.000000 0.000000 0.000000 0.000000 1.000000 6558.dat
1 71 -19.999970 -14.000000 -80.000010 1.000000 0.000000 0.000001 0.000000 1.000000 0.000000 -0.000001 0.000000 1.000000 32054.dat
1 1 -49.999970 -14.000000 -80.000000 1.000000 0.000000 0.000000 0.000000 1.000000 0.000000 0.000000 0.000000 1.000000 43093.dat
1 71 10.000050 -24.000000 -80.000020 -1.000000 0.000000 0.000000 0.000000 1.000000 0.000000 0.000000 0.000000 -1.000000 10247.dat
1 4 0.000080 -24.000000 39.999980 0.000000 0.000000 -1.000000 0.000000 1.000000 0.000000 1.000000 0.000000 0.000000 3700.dat
1 1 0.000060 -14.000000 39.999970 1.000000 0.000000 0.000000 0.000000 1.000000 0.000000 0.000000 0.000000 1.000000 6558.dat
1 0 -9.999940 -14.000000 79.999980 1.000000 0.000000 0.000000 0.000000 1.000000 0.000000 0.000000 0.000000 1.000000 2780.dat
1 71 10.000060 -24.000000 79.999980 -1.000000 0.000000 0.000000 0.000000 1.000000 0.000000 0.000000 0.000000 -1.000000 10247.dat
1 1 -39.999980 -14.000000 -99.999980 -1.000000 0.000000 0.000000 0.000000 1.000000 0.000000 0.000000 0.000000 -1.000000 6558.dat
0 NOFILE
0 FILE SubModel Group 1_Mirrored
0 SubModel Group 1_Mirrored
0 Name:  SubModel Group 1_Mirrored
0 Author:  

0 CustomBrick
0 NumOfBricks:  10
1 71 0.000020 -10.000000 -0.000020 0.000000 0.000000 1.000000 0.000000 1.000000 0.000000 -1.000000 0.000000 0.000000 32018.dat
1 1 0.000020 0.000000 -20.000010 -1.000000 0.000000 0.000000 0.000000 1.000000 0.000000 0.000000 0.000000 -1.000000 6558.dat
1 71 0.000030 0.000000 -100.000000 -1.000000 0.000000 0.000001 0.000000 1.000000 0.000000 -0.000001 0.000000 -1.000000 32054.dat
1 1 30.000030 0.000000 -100.000000 -1.000000 0.000000 0.000000 0.000000 1.000000 0.000000 0.000000 0.000000 -1.000000 43093.dat
1 71 -29.999980 -10.000000 -100.000000 1.000000 0.000000 0.000000 0.000000 1.000000 0.000000 0.000000 0.000000 1.000000 10247.dat
1 4 -20.000020 -10.000000 19.999980 0.000000 0.000000 1.000000 0.000000 1.000000 0.000000 -1.000000 0.000000 0.000000 3700.dat
1 1 -20.000000 0.000000 19.999970 -1.000000 0.000000 0.000001 0.000000 1.000000 0.000000 -0.000001 0.000000 -1.000000 6558.dat
1 0 -10.000000 0.000000 59.999980 1.000000 0.000000 0.000000 0.000000 1.000000 0.000000 0.000000 0.000000 1.000000 2780.dat
1 71 -30.000000 -10.000000 59.999980 1.000000 0.000000 0.000000 0.000000 1.000000 0.000000 0.000000 0.000000 1.000000 10247.dat
1 1 20.000060 0.000000 -120.000000 1.000000 0.000000 0.000000 0.000000 1.000000 0.000000 0.000000 0.000000 1.000000 6558.dat
0 NOFILE
0 FILE SubModel Group 2
0 SubModel Group 2
0 Name:  SubModel Group 2
0 Author:  

0 CustomBrick
0 NumOfBricks:  14
1 71 0.000000 -28.000000 20.000000 1.000000 0.000000 0.000000 0.000000 1.000000 0.000000 0.000000 0.000000 1.000000 30157.dat
1 71 0.000000 -20.000000 -40.000000 0.000000 0.000000 1.000000 0.000000 1.000000 0.000000 -1.000000 0.000000 0.000000 3832.dat
1 36 0.000000 -28.000000 50.000000 1.000000 0.000000 0.000000 0.000000 1.000000 0.000000 0.000000 0.000000 1.000000 3023.dat
1 71 0.000000 -28.000000 -80.000000 1.000000 0.000000 0.000000 0.000000 1.000000 0.000000 0.000000 0.000000 1.000000 30157.dat
1 15 50.000030 -28.000000 -39.999990 0.000000 0.000000 -1.000000 0.000000 1.000000 0.000000 1.000000 0.000000 0.000000 2730.dat
1 15 -50.000020 -28.000000 -39.999990 0.000000 0.000000 -1.000000 0.000000 1.000000 0.000000 1.000000 0.000000 0.000000 2730.dat
1 1 -60.000000 -18.000000 0.000000 -1.000000 0.000000 0.000000 0.000000 1.000000 0.000000 0.000000 0.000000 -1.000000 43093.dat
1 71 -89.999970 -18.000000 0.000000 -1.000000 0.000000 0.000000 0.000000 1.000000 0.000000 0.000000 0.000000 -1.000000 32054.dat
1 1 60.000030 -18.000000 0.000010 1.000000 0.000000 0.000000 0.000000 1.000000 0.000000 0.000000 0.000000 1.000000 43093.dat
1 71 90.000060 -18.000000 0.000010 1.000000 0.000000 0.000000 0.000000 1.000000 0.000000 0.000000 0.000000 1.000000 32054.dat
1 1 60.000030 -18.000000 40.000010 1.000000 0.000000 0.000000 0.000000 1.000000 0.000000 0.000000 0.000000 1.000000 43093.dat
1 71 90.000030 -18.000000 39.999990 1.000000 0.000000 0.000000 0.000000 1.000000 0.000000 0.000000 0.000000 1.000000 32054.dat
1 1 -59.999980 -18.000000 40.000000 -1.000000 0.000000 0.000000 0.000000 1.000000 0.000000 0.000000 0.000000 -1.000000 43093.dat
1 71 -90.000480 -18.000000 40.000020 -1.000000 0.000000 0.000000 0.000000 1.000000 0.000000 0.000000 0.000000 -1.000000 32054.dat
0 NOFILE
0 FILE SubModel Group 3
0 SubModel Group 3
0 Name:  SubModel Group 3
0 Author:  

0 CustomBrick
0 NumOfBricks:  5
1 71 20.000030 -24.000000 29.999990 0.000000 0.000000 -1.000000 0.000000 1.000000 0.000000 1.000000 0.000000 0.000000 32531.dat
1 0 20.000060 -14.000000 -30.000010 0.000000 0.000000 -1.000000 0.000000 1.000000 0.000000 1.000000 0.000000 0.000000 2780.dat
1 4 20.000060 -24.000000 -40.000010 1.000000 0.000000 0.000000 0.000000 1.000000 0.000000 0.000000 0.000000 1.000000 3700.dat
1 0 -19.999970 -14.000000 10.000000 -1.000000 0.000000 0.000000 0.000000 1.000000 0.000000 0.000000 0.000000 -1.000000 2780.dat
1 0 -19.999970 -14.000000 30.000000 -1.000000 0.000000 0.000000 0.000000 1.000000 0.000000 0.000000 0.000000 -1.000000 2780.dat
0 NOFILE
0 FILE SubModel Group 3_Mirrored
0 SubModel Group 3_Mirrored
0 Name:  SubModel Group 3_Mirrored
0 Author:  

0 CustomBrick
0 NumOfBricks:  5
1 71 -9.999969 -10.000000 9.999990 0.000000 0.000000 1.000000 0.000000 1.000000 0.000000 -1.000000 0.000000 0.000000 32531.dat
1 0 -10.000000 0.000000 -50.000020 0.000000 0.000000 1.000000 0.000000 1.000000 0.000000 -1.000000 0.000000 0.000000 2780.dat
1 4 -10.000000 -10.000000 -60.000020 1.000000 0.000000 0.000000 0.000000 1.000000 0.000000 0.000000 0.000000 1.000000 3700.dat
1 0 30.000030 0.000000 -10.000000 -1.000000 0.000000 0.000000 0.000000 1.000000 0.000000 0.000000 0.000000 -1.000000 2780.dat
1 0 30.000030 0.000000 10.000000 -1.000000 0.000000 0.000000 0.000000 1.000000 0.000000 0.000000 0.000000 -1.000000 2780.dat
0 NOFILE
0 FILE SubModel Group 4
0 SubModel Group 4
0 Name:  SubModel Group 4
0 Author:  

0 CustomBrick
0 NumOfBricks:  19
1 0 -35.000000 -21.000000 -64.000000 0.000000 1.000000 0.000000 -1.000000 0.000000 0.000000 0.000000 0.000000 1.000000 32278.dat
1 1 -35.000000 -21.000000 56.000000 1.000000 0.000000 0.000000 0.000000 1.000000 0.000000 0.000000 0.000000 1.000000 6558.dat
1 0 -45.000000 -21.000000 76.000000 1.000000 0.000000 0.000000 0.000000 1.000000 0.000000 0.000000 0.000000 1.000000 2780.dat
1 71 -5.000000 -31.000010 56.000000 -1.000000 0.000000 0.000000 0.000000 1.000000 0.000000 0.000000 0.000000 -1.000000 10247.dat
1 36 5.000030 -23.000010 56.000000 0.000000 0.000000 -1.000000 0.000000 1.000000 0.000000 1.000000 0.000000 0.000000 3023.dat
1 71 -15.000030 -31.000000 -104.000000 0.000000 0.000000 -1.000000 0.000000 1.000000 0.000000 1.000000 0.000000 0.000000 32018.dat
1 1 -15.000000 -21.000000 -4.000000 1.000000 0.000000 0.000000 0.000000 1.000000 0.000000 0.000000 0.000000 1.000000 6558.dat
1 1 -15.000000 -21.000000 -84.000000 1.000000 0.000000 0.000000 0.000000 1.000000 0.000000 0.000000 0.000000 1.000000 6558.dat
1 1 5.000000 -21.000000 16.000000 1.000000 0.000000 0.000000 0.000000 1.000000 0.000000 0.000000 0.000000 1.000000 6558.dat
1 4 -5.000030 -21.000000 -64.000010 1.000000 0.000000 0.000000 0.000000 1.000000 0.000000 0.000000 0.000000 1.000000 89678.dat
1 4 5.000030 -31.000000 -4.000000 0.000000 0.000000 -1.000000 0.000000 1.000000 0.000000 1.000000 0.000000 0.000000 3701.dat
1 71 15.000000 -31.000000 -84.000000 1.000000 0.000000 0.000000 0.000000 1.000000 0.000000 0.000000 0.000000 1.000000 17485.dat
1 15 15.000000 -31.000000 -124.000000 -1.000000 0.000000 0.000000 0.000000 1.000000 0.000000 0.000000 0.000000 -1.000000 6232.dat
1 0 15.000020 -21.000000 -24.000000 1.000000 0.000000 0.000000 0.000000 1.000000 0.000000 0.000000 0.000000 1.000000 2780.dat
1 4 64.999910 -31.000000 -3.999920 0.000001 0.000000 1.000000 0.000000 1.000000 0.000000 -1.000000 0.000000 0.000001 3701.dat
1 0 55.000030 -21.000000 -23.999990 1.000004 0.000000 0.000000 0.000000 1.000000 0.000000 0.000000 0.000000 1.000004 2780.dat
1 1 65.000110 -21.000000 16.000130 -1.000004 0.000000 0.000000 0.000000 1.000000 0.000000 0.000000 0.000000 -1.000004 6558.dat
1 71 35.000020 -31.000000 -24.000000 1.000000 0.000000 0.000000 0.000000 1.000000 0.000000 0.000000 0.000000 1.000000 17485.dat
1 0 74.999910 -21.000000 -3.999920 1.000000 0.000000 0.000000 0.000000 1.000000 0.000000 0.000000 0.000000 1.000000 2780.dat
0 NOFILE
0 FILE SubModel Group 5
0 SubModel Group 5
0 Name:  SubModel Group 5
0 Author:  

0 CustomBrick
0 NumOfBricks:  19
1 71 0 14 -60 1 0 0 0 1 0 0 0 1 3036.dat
1 71 20 6 -40 1 0 0 0 1 0 0 0 1 43056.dat
1 71 -20 6 -40 1 0 0 0 1 0 0 0 1 43056.dat
1 4 30 0 0 1 0 0 0 1 0 0 0 1 11214.dat
1 4 -30 0 0 -1 0 0 0 1 0 0 0 -1 11214.dat
1 15 30 0 0 0 -1 0 0 0 -1 1 0 0 18654.dat
1 15 -10 0 0 0 -1 0 0 0 -1 1 0 0 18654.dat
1 71 70 0 0 1 0 0 0 1 0 0 0 1 32054.dat
1 71 -70 0 0 -1 0 0 0 1 0 0 0 -1 32054.dat
1 16 0 14 -110 1 0 0 0 1 0 0 0 1 SubModel Group 9
1 1 -10 6 -80 0 0 1 0 1 0 -1 0 0 85984.dat
1 1 10 6 -80 0 0 -1 0 1 0 1 0 0 85984.dat
0 NOFILE
0 FILE SubModel Group 9
0 SubModel Group 9
0 Name:  SubModel Group 9
0 Author:  

0 CustomBrick
0 NumOfBricks:  8
1 71 40.000000 -8.000000 10.000000 1.000000 0.000000 0.000000 0.000000 1.000000 0.000000 0.000000 0.000000 1.000000 3020.dat
1 71 -40.000000 -8.000000 10.000000 1.000000 0.000000 0.000000 0.000000 1.000000 0.000000 0.000000 0.000000 1.000000 3020.dat
1 71 0.000000 -32.000000 0.000000 1.000000 0.000000 0.000000 0.000000 1.000000 0.000000 0.000000 0.000000 1.000000 2653.dat
1 71 -60.000000 -32.000000 -10.000000 1.000000 0.000000 0.000000 0.000000 1.000000 0.000000 0.000000 0.000000 1.000000 68013.dat
1 71 60.000000 -32.000000 -10.000000 1.000000 0.000000 0.000000 0.000000 1.000000 0.000000 0.000000 0.000000 1.000000 68013.dat
1 1 39.999970 -32.000000 0.000000 -1.000000 0.000000 0.000000 0.000000 1.000000 0.000000 0.000000 0.000000 -1.000000 85984.dat
1 1 0.000000 -32.000000 0.000000 -1.000000 0.000000 0.000000 0.000000 1.000000 0.000000 0.000000 0.000000 -1.000000 85984.dat
1 1 -40.000000 -32.000000 0.000000 -1.000000 0.000000 0.000000 0.000000 1.000000 0.000000 0.000000 0.000000 -1.000000 85984.dat
0 NOFILE
0 FILE SubModel Group 4_Mirrored
0 SubModel Group 4_Mirrored
0 Name:  SubModel Group 4_Mirrored
0 Author:  

0 CustomBrick
0 NumOfBricks:  19
1 0 50.000120 -2.523030 -50.000000 0.000000 -1.000000 0.000000 1.000000 0.000000 0.000000 0.000000 0.000000 1.000000 32278.dat
1 1 50.000120 -2.523040 70.000000 -1.000000 0.000000 0.000000 0.000000 1.000000 0.000000 0.000000 0.000000 -1.000000 6558.dat
1 0 60.000120 -2.523030 90.000000 1.000000 0.000000 0.000000 0.000000 1.000000 0.000000 0.000000 0.000000 1.000000 2780.dat
1 71 20.000120 -12.523040 70.000000 1.000000 0.000000 0.000000 0.000000 1.000000 0.000000 0.000000 0.000000 1.000000 10247.dat
1 36 10.000060 -4.523040 70.000000 0.000000 0.000000 1.000000 0.000000 1.000000 0.000000 -1.000000 0.000000 0.000000 3023.dat
1 71 30.000120 -12.523030 -90.000000 0.000000 0.000000 1.000000 0.000000 1.000000 0.000000 -1.000000 0.000000 0.000000 32018.dat
1 1 30.000120 -2.523030 10.000000 -1.000000 0.000000 0.000000 0.000000 1.000000 0.000000 0.000000 0.000000 -1.000000 6558.dat
1 1 30.000120 -2.523030 -70.000000 -1.000000 0.000000 0.000000 0.000000 1.000000 0.000000 0.000000 0.000000 -1.000000 6558.dat
1 1 10.000120 -2.523030 30.000000 -1.000000 0.000000 0.000000 0.000000 1.000000 0.000000 0.000000 0.000000 -1.000000 6558.dat
1 4 20.000120 -2.523030 -50.000000 -1.000000 0.000000 0.000001 0.000000 1.000000 0.000000 -0.000001 0.000000 -1.000000 89678.dat
1 4 10.000060 -12.523030 10.000000 0.000000 0.000000 1.000000 0.000000 1.000000 0.000000 -1.000000 0.000000 0.000000 3701.dat
1 71 0.000120 -12.523030 -70.000000 1.000000 0.000000 0.000000 0.000000 1.000000 0.000000 0.000000 0.000000 1.000000 17485.dat
1 15 0.000120 -12.523030 -110.000000 1.000000 0.000000 0.000000 0.000000 1.000000 0.000000 0.000000 0.000000 1.000000 6232.dat
1 0 0.000090 -2.523030 -10.000000 1.000000 0.000000 0.000000 0.000000 1.000000 0.000000 0.000000 0.000000 1.000000 2780.dat
1 4 -49.999800 -12.523030 10.000060 0.000001 0.000000 -1.000000 0.000000 1.000000 0.000000 1.000000 0.000000 0.000001 3701.dat
1 0 -39.999920 -2.523030 -10.000000 1.000000 0.000000 0.000000 0.000000 1.000000 0.000000 0.000000 0.000000 1.000000 2780.dat
1 1 -50.000000 -2.523030 30.000120 1.000000 0.000000 0.000000 0.000000 1.000000 0.000000 0.000000 0.000000 1.000000 6558.dat
1 71 -19.999910 -12.523030 -10.000000 1.000000 0.000000 0.000000 0.000000 1.000000 0.000000 0.000000 0.000000 1.000000 17485.dat
1 0 -59.999800 -2.523030 10.000060 1.000000 0.000000 0.000000 0.000000 1.000000 0.000000 0.000000 0.000000 1.000000 2780.dat
0 NOFILE
0 FILE landing-foot.ldr
0 SubModel Group 6
0 Name: landing-foot.ldr
0 Author:  

0 CustomBrick
0 NumOfBricks:  5
1 71 10 10 30 -1 0 0 0 -1 0 0 0 1 18677.dat
1 71 10 10 -30.001 -1 0 0 0 -1 0 0 0 1 18677.dat
1 71 10 18 0 0 -0.017 1 0 -1 -0.017 1 0 0 68869.dat
1 0 0 0 20 0 0.996 -0.087 0 -0.087 -0.996 -1 0 0 2780.dat
1 0 0 0 -20.001 0 0.996 -0.087 0 -0.087 -0.996 -1 0 0 2780.dat
0 NOFILE
0 FILE SubModel Group 7
0 SubModel Group 7
0 Name:  SubModel Group 7
0 Author:  

0 CustomBrick
0 NumOfBricks:  6
1 71 10 -41 1 -1 0 0 0 0 -1 0 -1 0 32013.dat
1 71 10 -1 1 0 0 1 -1 0 0 0 -1 0 4519.dat
1 71 10 39 1 1 0 0 0 0 1 0 -1 0 32013.dat
1 71 -10 -41 1 -1 0 0 0 0 -1 0 -1 0 32013.dat
1 71 -10 -1 1 0 0 -1 1 0 0 0 -1 0 4519.dat
1 71 -10 39 1 1 0 0 0 0 1 0 -1 0 32013.dat
0 NOFILE
0 FILE SubModel Group 10
0 SubModel Group 10
0 Name:  SubModel Group 10
0 Author:  

0 CustomBrick
0 NumOfBricks:  17
1 1 0.000090 -43.999980 -39.999660 0.000000 0.000000 -1.000000 0.000000 1.000000 0.000000 1.000000 0.000000 0.000000 4477.dat
1 1 0.000120 -68.000000 -130.000100 1.000000 0.000000 0.000000 0.000000 1.000000 0.000000 0.000000 0.000000 1.000000 4287.dat
1 1 0.000060 -68.000000 -100.001300 0.000000 0.000000 -1.000000 0.000000 1.000000 0.000000 1.000000 0.000000 0.000000 3004.dat
1 1 0.000090 -67.999980 0.000340 0.000000 0.000000 -1.000000 0.000000 1.000000 0.000000 1.000000 0.000000 0.000000 3008.dat
1 14 0.000140 -44.000000 120.001200 0.000000 0.000000 -1.000000 0.000000 1.000000 0.000000 1.000000 0.000000 0.000000 3666.dat
1 1 0.000100 -75.999980 0.000340 0.000000 0.000000 -1.000000 0.000000 1.000000 0.000000 1.000000 0.000000 0.000000 3666.dat
1 1 0.000120 -91.999980 70.000330 1.000000 0.000000 0.000000 0.000000 1.000000 0.000000 0.000000 0.000000 1.000000 3005.dat
1 1 0.000120 -76.000000 -160.000100 0.000000 0.000000 -1.000000 0.000000 1.000000 0.000000 1.000000 0.000000 0.000000 4477.dat
1 1 0.000120 -84.000000 -210.000100 0.000000 0.000000 -1.000000 0.000000 1.000000 0.000000 1.000000 0.000000 0.000000 3623.dat
1 4 0.000120 -84.000000 -260.000200 0.000000 0.000000 1.000000 0.000000 1.000000 0.000000 -1.000000 0.000000 0.000000 18677.dat
1 1 0.000090 -92.000000 -240.000100 0.000000 0.000000 -1.000000 0.000000 1.000000 0.000000 1.000000 0.000000 0.000000 3666.dat
1 71 0.000140 -35.999990 100.001300 0.000000 0.000000 -1.000000 0.000000 1.000000 0.000000 1.000000 0.000000 0.000000 3004.dat
1 1 0.000110 -35.999980 70.000340 1.000000 0.000000 0.000000 0.000000 1.000000 0.000000 0.000000 0.000000 1.000000 4287.dat
1 71 0.000140 -11.999990 100.001300 0.000000 0.000000 -1.000000 0.000000 1.000000 0.000000 1.000000 0.000000 0.000000 3710.dat
1 14 0.000150 -19.999990 130.001200 1.000000 0.000000 0.000000 0.000000 1.000000 0.000000 0.000000 0.000000 1.000000 6141.dat
1 14 0.000150 -27.999990 130.001200 1.000000 0.000000 0.000000 0.000000 1.000000 0.000000 0.000000 0.000000 1.000000 6141.dat
1 4 0.000150 -35.999990 140.001300 0.000000 0.000000 -1.000000 0.000000 1.000000 0.000000 1.000000 0.000000 0.000000 18677.dat
0 NOFILE
0 FILE SubModel Group 11
0 SubModel Group 11
0 Name:  SubModel Group 11
0 Author:  

0 CustomBrick
0 NumOfBricks:  18
1 71 0.000000 -4.000000 -100.000000 1.000000 0.000000 0.000000 0.000000 1.000000 0.000000 0.000000 0.000000 1.000000 3020.dat
1 71 20.000000 -28.000000 -80.000000 0.000000 0.000000 -1.000000 0.000000 1.000000 0.000000 1.000000 0.000000 0.000000 3001.dat
1 71 -40.000000 -28.000000 -110.000000 1.000000 0.000000 0.000000 0.000000 1.000000 0.000000 0.000000 0.000000 1.000000 2653.dat
1 71 -70.000060 -12.000000 -60.000000 0.000000 0.000000 1.000000 0.000000 1.000000 0.000000 -1.000000 0.000000 0.000000 87609.dat
1 71 20.000000 -4.000000 -39.999990 1.000000 0.000000 0.000000 0.000000 1.000000 0.000000 0.000000 0.000000 1.000000 3032.dat
1 15 -10.000030 -28.000000 -19.999990 0.000000 0.000000 -1.000000 0.000000 1.000000 0.000000 1.000000 0.000000 0.000000 3008.dat
1 4 -40.000090 -28.000000 -60.000000 0.000000 0.000000 -1.000000 0.000000 1.000000 0.000000 1.000000 0.000000 0.000000 3001.dat
1 71 40.000000 -28.000000 20.000000 0.000000 0.000000 -1.000000 0.000000 1.000000 0.000000 1.000000 0.000000 0.000000 32531.dat
1 71 -0.000030 -4.000000 80.000020 -1.000000 0.000000 0.000000 0.000000 1.000000 0.000000 0.000000 0.000000 -1.000000 30504.dat
1 15 39.999970 -28.000000 90.000030 1.000000 0.000000 0.000000 0.000000 1.000000 0.000000 0.000000 0.000000 1.000000 3010.dat
1 15 -30.000030 -12.000000 30.000020 1.000000 0.000000 0.000000 0.000000 1.000000 0.000000 0.000000 0.000000 1.000000 85861.dat
1 1 -50.000030 -12.000000 30.000030 1.000000 0.000000 0.000000 0.000000 1.000000 0.000000 0.000000 0.000000 1.000000 98138.dat
1 71 -30.000090 -36.000000 0.000040 0.000000 0.000000 1.000000 0.000000 1.000000 0.000000 -1.000000 0.000000 0.000000 11215.dat
1 0 80.000000 -18.000000 39.999990 1.000000 0.000000 0.000000 0.000000 1.000000 0.000000 0.000000 0.000000 1.000000 2780.dat
1 0 80.000000 -18.000000 -0.000010 1.000000 0.000000 0.000000 0.000000 1.000000 0.000000 0.000000 0.000000 1.000000 2780.dat
1 71 -20.000030 -28.000000 60.000020 -1.000000 0.000000 0.000000 0.000000 1.000000 0.000000 0.000000 0.000000 -1.000000 87620.dat
1 14 -30.000030 -20.000000 30.000020 1.000000 0.000000 0.000000 0.000000 1.000000 0.000000 0.000000 0.000000 1.000000 6141.dat
1 14 -50.000100 -20.000000 10.000040 1.000000 0.000000 0.000000 0.000000 1.000000 0.000000 0.000000 0.000000 1.000000 6141.dat
0 NOFILE
0 FILE SubModel Group 11_Mirrored
0 SubModel Group 11_Mirrored
0 Name:  SubModel Group 11_Mirrored
0 Author:  

0 CustomBrick
0 NumOfBricks:  18
1 71 8.000000 14.000000 -120.000000 1.000000 0.000000 0.000000 0.000000 1.000000 0.000000 0.000000 0.000000 1.000000 3020.dat
1 71 -12.000000 -10.000000 -100.000000 0.000000 0.000000 1.000000 0.000000 1.000000 0.000000 -1.000000 0.000000 0.000000 3001.dat
1 71 48.000000 -10.000000 -130.000000 1.000000 0.000000 0.000000 0.000000 1.000000 0.000000 0.000000 0.000000 1.000000 2653.dat
1 71 78.000060 6.000000 -80.000020 0.000000 0.000000 -1.000000 0.000000 1.000000 0.000000 1.000000 0.000000 0.000000 87609.dat
1 71 -12.000000 14.000000 -60.000020 1.000000 0.000000 0.000000 0.000000 1.000000 0.000000 0.000000 0.000000 1.000000 3032.dat
1 15 18.000030 -10.000000 -40.000010 0.000000 0.000000 1.000000 0.000000 1.000000 0.000000 -1.000000 0.000000 0.000000 3008.dat
1 4 48.000120 -10.000000 -80.000020 0.000000 0.000000 1.000000 0.000000 1.000000 0.000000 -1.000000 0.000000 0.000000 3001.dat
1 71 -32.000000 -10.000000 -0.000020 0.000000 0.000000 1.000000 0.000000 1.000000 0.000000 -1.000000 0.000000 0.000000 32531.dat
1 71 8.000060 14.000000 60.000000 0.000000 0.000000 -1.000000 0.000000 1.000000 0.000000 1.000000 0.000000 0.000000 30504.dat
1 15 -31.999970 -10.000000 70.000000 1.000000 0.000000 0.000000 0.000000 1.000000 0.000000 0.000000 0.000000 1.000000 3010.dat
1 15 38.000030 6.000000 10.000010 1.000000 0.000000 0.000000 0.000000 1.000000 0.000000 0.000000 0.000000 1.000000 85861.dat
1 1 58.000030 6.000000 10.000020 1.000000 0.000000 0.000000 0.000000 1.000000 0.000000 0.000000 0.000000 1.000000 98138.dat
1 71 38.000120 -18.000000 -19.999980 0.000000 0.000000 -1.000000 0.000000 1.000000 0.000000 1.000000 0.000000 0.000000 11215.dat
1 0 -72.000000 0.000000 19.999980 1.000000 0.000000 0.000000 0.000000 1.000000 0.000000 0.000000 0.000000 1.000000 2780.dat
1 0 -72.000000 0.000000 -20.000020 1.000000 0.000000 0.000000 0.000000 1.000000 0.000000 0.000000 0.000000 1.000000 2780.dat
1 71 28.000030 -10.000000 40.000000 0.000000 0.000000 -1.000000 0.000000 1.000000 0.000000 1.000000 0.000000 0.000000 87620.dat
1 14 38.000030 -2.000000 10.000010 1.000000 0.000000 0.000000 0.000000 1.000000 0.000000 0.000000 0.000000 1.000000 6141.dat
1 14 58.000120 -2.000000 -9.999980 1.000000 0.000000 0.000000 0.000000 1.000000 0.000000 0.000000 0.000000 1.000000 6141.dat
0 NOFILE
0 FILE SubModel Group 12
0 SubModel Group 12
0 Name:  SubModel Group 12
0 Author:  

0 CustomBrick
0 NumOfBricks:  4
1 71 -20.000000 -4.000000 9.999990 -1.000000 0.000000 0.000000 0.000000 1.000000 0.000000 0.000000 0.000000 -1.000000 30503.dat
1 14 -20.000030 -28.000000 -20.000020 0.000000 0.000000 -1.000000 0.000000 1.000000 0.000000 1.000000 0.000000 0.000000 3002.dat
1 4 20.000010 -28.000000 -10.000010 0.000000 0.000000 1.000000 0.000000 1.000000 0.000000 -1.000000 0.000000 0.000000 3001.dat
1 71 10.000000 -28.000000 39.999980 -1.000000 0.000000 0.000000 0.000000 1.000000 0.000000 0.000000 0.000000 -1.000000 2462.dat
0 NOFILE
0 FILE SubModel Group 12_Mirrored
0 SubModel Group 12_Mirrored
0 Name:  SubModel Group 12_Mirrored
0 Author:  

0 CustomBrick
0 NumOfBricks:  4
1 71 10.000000 10.000000 0.000010 0.000000 0.000000 -1.000000 0.000000 1.000000 0.000000 1.000000 0.000000 0.000000 30503.dat
1 14 10.000030 -14.000000 -30.000000 0.000000 0.000000 1.000000 0.000000 1.000000 0.000000 -1.000000 0.000000 0.000000 3002.dat
1 4 -30.000000 -14.000000 -19.999990 0.000000 0.000000 -1.000000 0.000000 1.000000 0.000000 1.000000 0.000000 0.000000 3001.dat
1 71 -20.000000 -14.000000 29.999990 0.000000 0.000000 -1.000000 0.000000 1.000000 0.000000 1.000000 0.000000 0.000000 2462.dat
0 NOFILE
0 FILE SubModel Group 13
0 SubModel Group 13
0 Name:  SubModel Group 13
0 Author:  

0 CustomBrick
0 NumOfBricks:  18
1 16 0 0 10 1 0 0 0 1 0 0 0 1 SubModel Group 14
0 STEP
0 STEP
0 NOFILE
0 FILE SubModel Group 14
0 SubModel Group 14
0 Name:  SubModel Group 14
0 Author:  

0 CustomBrick
0 NumOfBricks:  18
1 14 7.249060 -16.000000 118.497200 0.232500 0.000000 0.972595 0.000000 1.000000 0.000000 -0.972594 0.000000 0.232500 3623.dat
1 15 11.899080 -24.000000 99.045280 0.972595 0.000000 -0.232501 0.000000 1.000000 0.000000 0.232500 0.000000 0.972594 85861.dat
1 36 1.781130 -16.000000 170.795500 0.087159 0.000000 -0.996195 0.000000 1.000000 0.000000 0.996195 0.000000 0.087159 3023.dat
1 36 1.781170 -32.000000 170.795500 0.087159 0.000000 -0.996195 0.000000 1.000000 0.000000 0.996194 0.000000 0.087159 3023.dat
1 14 7.249040 -32.000000 118.497100 0.232501 0.000000 0.972595 0.000000 1.000000 0.000000 -0.972594 0.000000 0.232501 3623.dat
1 71 14.224020 -8.000000 89.319240 -0.232500 0.000000 -0.972595 0.000000 1.000000 0.000000 0.972594 0.000000 -0.232500 3666.dat
1 0 23.523960 -32.000000 50.415560 0.232500 0.000000 0.972595 0.000000 1.000000 0.000000 -0.972594 0.000000 0.232500 30414.dat
1 71 56.073590 -8.000000 -85.747470 -0.232500 0.000000 -0.972595 0.000000 1.000000 0.000000 0.972594 0.000000 -0.232500 60479.dat
1 0 65.373660 -32.000000 -124.651500 0.232500 0.000000 0.972595 0.000000 1.000000 0.000000 -0.972594 0.000000 0.232500 30414.dat
1 1 44.448680 -32.000000 -37.117790 0.232500 0.000000 0.972595 0.000000 1.000000 0.000000 -0.972594 0.000000 0.232500 3622.dat
1 14 35.148870 -16.000000 1.785790 0.972595 0.000000 -0.232501 0.000000 1.000000 0.000000 0.232500 0.000000 0.972594 6141.dat
1 14 53.748660 -16.000000 -76.021660 0.972595 0.000000 -0.232501 0.000000 1.000000 0.000000 0.232500 0.000000 0.972594 6141.dat
1 14 76.998820 -16.000000 -173.281100 0.972595 0.000000 -0.232501 0.000000 1.000000 0.000000 0.232500 0.000000 0.972594 6141.dat
1 71 83.973710 -32.000000 -202.459100 0.232500 0.000000 0.972595 0.000000 1.000000 0.000000 -0.972594 0.000000 0.232500 11211.dat
1 34 86.298720 -40.000000 -212.185200 0.972595 0.000000 -0.232500 0.000000 1.000000 0.000000 0.232500 0.000000 0.972594 3024.dat
1 34 68.792020 -22.000000 -216.369800 0.000000 0.972595 -0.232501 -1.000000 0.000000 0.000000 0.000000 0.232500 0.972594 3024.dat
0 STEP
1 0 9.999900 -24.000000 150.000000 -0.232500 0.000000 -0.972595 0.000000 1.000000 0.000000 0.972595 0.000000 -0.232500 2429.dat
1 0 9.999900 -24.000000 150.000000 0.087159 0.000000 -0.996195 0.000000 1.000000 0.000000 0.996195 0.000000 0.087159 2430.dat
0 STEP
0 NOFILE
0 FILE SubModel Group 13_Mirrored
0 SubModel Group 13_Mirrored
0 Name:  SubModel Group 13_Mirrored
0 Author:  

0 CustomBrick
0 NumOfBricks:  18
1 16 0 0 0 1 0 0 0 1 0 0 0 1 SubModel Group 14_Mirrored
0 STEP
0 STEP
0 NOFILE
0 FILE SubModel Group 14_Mirrored
0 SubModel Group 14_Mirrored
0 Name:  SubModel Group 14_Mirrored
0 Author:  

0 CustomBrick
0 NumOfBricks:  18
1 14 36.269760 6.000000 136.214400 0.232500 0.000000 -0.972596 0.000000 1.000000 0.000000 0.972596 0.000000 0.232500 3623.dat
1 15 31.619740 -2.000000 116.762500 0.972596 0.000000 0.232501 0.000000 1.000000 0.000000 -0.232501 0.000000 0.972596 85861.dat
1 36 41.737700 6.000000 188.512800 0.087159 0.000000 0.996195 0.000000 1.000000 0.000000 -0.996195 0.000000 0.087159 3023.dat
1 36 41.737640 -10.000000 188.512700 0.087159 0.000000 0.996194 0.000000 1.000000 0.000000 -0.996194 0.000000 0.087159 3023.dat
1 14 36.269790 -10.000000 136.214400 0.232501 0.000000 -0.972596 0.000000 1.000000 0.000000 0.972596 0.000000 0.232501 3623.dat
1 71 29.294780 14.000000 107.036600 -0.232500 0.000000 0.972596 0.000000 1.000000 0.000000 -0.972596 0.000000 -0.232500 3666.dat
1 0 19.994840 -10.000000 68.132800 0.232500 0.000000 -0.972596 0.000000 1.000000 0.000000 0.972596 0.000000 0.232500 30414.dat
1 71 -12.554770 14.000000 -68.030170 -0.232501 0.000000 0.972596 0.000000 1.000000 0.000000 -0.972596 0.000000 -0.232501 60479.dat
1 0 -21.854850 -10.000000 -106.934100 0.232500 0.000000 -0.972596 0.000000 1.000000 0.000000 0.972596 0.000000 0.232500 30414.dat
1 1 -0.929860 -10.000000 -19.400490 0.232500 0.000000 -0.972596 0.000000 1.000000 0.000000 0.972596 0.000000 0.232500 3622.dat
1 14 8.369940 6.000000 19.503060 0.972596 0.000000 0.232501 0.000000 1.000000 0.000000 -0.232501 0.000000 0.972596 6141.dat
1 14 -10.229820 6.000000 -58.304370 0.972596 0.000000 0.232501 0.000000 1.000000 0.000000 -0.232501 0.000000 0.972596 6141.dat
1 14 -33.480000 6.000000 -155.563800 0.972596 0.000000 0.232501 0.000000 1.000000 0.000000 -0.232501 0.000000 0.972596 6141.dat
1 71 -40.454890 -10.000000 -184.741800 0.232500 0.000000 -0.972596 0.000000 1.000000 0.000000 0.972596 0.000000 0.232500 11211.dat
1 34 -42.779900 -18.000000 -194.467800 0.972596 0.000000 0.232501 0.000000 1.000000 0.000000 -0.232501 0.000000 0.972596 3024.dat
1 34 -25.273180 0.000000 -198.652500 0.000000 -0.972596 0.232501 1.000000 0.000000 0.000000 0.000000 0.232501 0.972596 3024.dat
0 STEP
1 0 33.518900 -2.000000 167.717300 -0.232500 0.000000 0.972596 0.000000 1.000000 0.000000 -0.972596 0.000000 -0.232500 2430.dat
1 0 33.518900 -2.000000 167.717300 0.087159 0.000000 0.996194 0.000000 1.000000 0.000000 -0.996194 0.000000 0.087159 2429.dat
0 STEP
0 NOFILE
0 FILE SubModel Group 15
0 SubModel Group 15
0 Name:  SubModel Group 15
0 Author:  

0 CustomBrick
0 NumOfBricks:  10
1 1 -34.567450 -24.000000 72.145800 0.000000 0.000000 -1.000000 0.000000 1.000000 0.000000 0.999999 0.000000 0.000000 4070.dat
1 15 -20.567390 -14.000000 72.146040 0.000000 -1.000000 0.000000 0.000000 0.000000 -1.000000 0.999999 0.000000 0.000000 85861.dat
1 0 0.902590 -16.000000 72.146080 -1.000000 0.000000 0.000000 0.000000 1.000000 0.000000 0.000000 0.000000 -1.000000 32828.dat
1 14 -18.036390 -24.000000 -8.642320 -0.043623 0.000000 -0.999048 0.000000 1.000000 0.000000 0.999048 0.000000 -0.043623 87087.dat
1 0 11.010920 -16.000000 -7.373490 -0.999049 0.000000 0.043623 0.000000 1.000000 0.000000 -0.043623 0.000000 -0.999048 32828.dat
1 14 0.902610 -24.000000 72.146080 1.000000 0.000000 0.000000 0.000000 1.000000 0.000000 0.000000 0.000000 1.000000 6141.dat
1 14 11.009900 -24.000190 -7.371340 -0.043617 0.000000 -0.999066 0.000000 1.000000 0.000000 0.999052 0.000000 -0.043626 6141.dat
1 4 -1.505450 -16.000000 -89.430490 0.995227 0.000000 -0.097592 0.000000 1.000000 0.000000 0.097592 0.000000 0.995227 4081b.dat
1 0 23.419120 -16.000010 -106.552600 -0.992211 0.000000 0.124572 0.000000 1.000000 0.000000 -0.124572 0.000000 -0.992211 32828.dat
1 14 23.419090 -24.000010 -106.552600 -0.124571 0.000000 -0.992211 0.000000 1.000000 0.000000 0.992211 0.000000 -0.124571 6141.dat
0 NOFILE
0 FILE SubModel Group 15_Mirrored
0 SubModel Group 15_Mirrored
0 Name:  SubModel Group 15_Mirrored
0 Author:  

0 CustomBrick
0 NumOfBricks:  10
1 1 29.577240 -9.999900 91.178740 0.000000 0.000000 1.000000 0.000000 1.000000 0.000000 -1.000000 0.000000 0.000000 4070.dat
1 15 15.577180 0.000100 91.178980 0.000000 1.000000 0.000000 0.000000 0.000000 -1.000000 -1.000000 0.000000 0.000000 85861.dat
1 0 -5.892780 -1.999910 91.179050 1.000000 0.000000 0.000000 0.000000 1.000000 0.000000 0.000000 0.000000 1.000000 32828.dat
1 14 13.046190 -9.999909 10.390610 -0.043623 0.000000 0.999048 0.000000 1.000000 0.000000 -0.999048 0.000000 -0.043624 87087.dat
1 0 -16.001100 -1.999910 11.659490 0.999048 0.000000 0.043623 0.000000 1.000000 0.000000 -0.043623 0.000000 0.999048 32828.dat
1 14 -5.892800 -9.999909 91.179000 1.000000 0.000000 0.000000 0.000000 1.000000 0.000000 0.000000 0.000000 1.000000 6141.dat
1 14 -16.000110 -10.000090 11.661590 -0.043625 0.000000 0.999048 0.000000 1.000000 0.000000 -0.999048 0.000000 -0.043625 6141.dat
1 4 -3.484760 -1.999910 -70.397560 0.995227 0.000000 0.097592 0.000000 1.000000 0.000000 -0.097592 0.000000 0.995226 4081b.dat
1 0 -28.409320 -1.999910 -87.519630 0.992211 0.000000 0.124571 0.000000 1.000000 0.000000 -0.124571 0.000000 0.992211 32828.dat
1 14 -28.409260 -9.999909 -87.519580 -0.124571 0.000000 0.992211 0.000000 1.000000 0.000000 -0.992211 0.000000 -0.124572 6141.dat
0 NOFILE
0 FILE SubModel Group 16
0 SubModel Group 16
0 Name:  SubModel Group 16
0 Author:  

0 CustomBrick
0 NumOfBricks:  11
1 71 0.000000 -4.000000 -80.000110 0.000000 0.000000 -1.000000 0.000000 1.000000 0.000000 1.000000 0.000000 0.000000 4510.dat
1 71 0.000000 -4.000000 79.999880 0.000000 0.000000 -1.000000 0.000000 1.000000 0.000000 1.000000 0.000000 0.000000 4510.dat
1 71 -0.000020 -4.000000 -120.000200 0.000000 0.000000 -1.000000 0.000000 1.000000 0.000000 1.000000 0.000000 0.000000 85984.dat
1 71 -0.000020 -4.000000 -80.000240 0.000000 0.000000 -1.000000 0.000000 1.000000 0.000000 1.000000 0.000000 0.000000 85984.dat
1 71 -0.000020 -4.000000 -40.000240 0.000000 0.000000 -1.000000 0.000000 1.000000 0.000000 1.000000 0.000000 0.000000 85984.dat
1 71 0.000000 -4.000000 -0.000240 0.000000 0.000000 -1.000000 0.000000 1.000000 0.000000 1.000000 0.000000 0.000000 85984.dat
1 71 -0.000030 -4.000000 39.999760 0.000000 0.000000 -1.000000 0.000000 1.000000 0.000000 1.000000 0.000000 0.000000 85984.dat
1 71 0.000000 -4.000000 79.999760 0.000000 0.000000 -1.000000 0.000000 1.000000 0.000000 1.000000 0.000000 0.000000 85984.dat
1 71 -0.000020 -4.000000 119.999800 0.000000 0.000000 -1.000000 0.000000 1.000000 0.000000 1.000000 0.000000 0.000000 85984.dat
1 71 0.000000 -4.000000 149.999800 0.000000 0.000000 -1.000000 0.000000 1.000000 0.000000 1.000000 0.000000 0.000000 54200.dat
1 71 -0.000020 -4.000000 -150.000100 0.000000 0.000000 -1.000000 0.000000 1.000000 0.000000 1.000000 0.000000 0.000000 54200.dat
0 NOFILE
0 FILE SubModel Group 17
0 SubModel Group 17
0 Name:  SubModel Group 17
0 Author:  

0 CustomBrick
0 NumOfBricks:  24
1 71 -10.000030 -4.000000 -30.000000 0.000000 0.000000 -1.000000 0.000000 1.000000 0.000000 1.000000 0.000000 0.000000 60479.dat
1 71 -10.000060 -28.000000 -140.000100 0.000000 0.000000 -1.000000 0.000000 1.000000 0.000000 1.000000 0.000000 0.000000 87087.dat
1 71 -10.000030 -28.000000 -100.000000 0.000000 0.000000 -1.000000 0.000000 1.000000 0.000000 1.000000 0.000000 0.000000 87087.dat
1 4 -10.000030 -28.000000 -120.000100 0.000000 0.000000 1.000000 0.000000 1.000000 0.000000 -1.000000 0.000000 0.000000 60475b.dat
1 0 -10.000000 -28.000000 -50.000000 0.000000 0.000000 -1.000000 0.000000 1.000000 0.000000 1.000000 0.000000 0.000000 30414.dat
1 0 -19.799160 -12.000000 -9.903749 0.707107 0.000000 0.707107 0.000000 1.000000 0.000000 -0.707107 0.000000 0.707107 15706.dat
1 14 -10.000060 -20.000000 30.000000 0.000000 0.000000 -1.000000 0.000000 1.000000 0.000000 1.000000 0.000000 0.000000 3710.dat
1 14 -55.154450 -20.000000 11.309450 -0.707107 0.000000 -0.707107 0.000000 1.000000 0.000000 0.707107 0.000000 -0.707107 3710.dat
1 0 -19.799200 -28.000000 -9.903749 0.707107 0.000000 0.707107 0.000000 1.000000 0.000000 -0.707107 0.000000 0.707107 15706.dat
1 0 -10.000000 -28.000000 110.000000 0.000000 0.000000 -1.000000 0.000000 1.000000 0.000000 1.000000 0.000000 0.000000 30414.dat
1 71 -9.999969 -4.000000 119.999900 0.000000 0.000000 -1.000000 0.000000 1.000000 0.000000 1.000000 0.000000 0.000000 3623.dat
1 71 7.999940 -18.000030 -30.000000 0.000000 -1.000000 0.000000 0.000000 0.000000 -1.000000 1.000000 0.000000 0.000000 4510.dat
1 71 7.999940 -18.000000 -130.000100 0.000000 -1.000000 0.000000 0.000000 0.000000 -1.000000 1.000000 0.000000 0.000000 32028.dat
1 71 8.000000 -18.000000 70.000000 0.000000 -1.000000 0.000000 0.000000 0.000000 -1.000000 1.000000 0.000000 0.000000 32028.dat
1 71 8.000000 -18.000000 110.000000 0.000000 -1.000000 0.000000 0.000000 0.000000 -1.000000 1.000000 0.000000 0.000000 32028.dat
1 15 8.000000 -18.000000 140.000000 0.000000 -1.000000 0.000000 1.000000 0.000000 0.000000 0.000000 0.000000 1.000000 3024.dat
1 71 7.999910 -17.999990 -110.000100 0.000000 -1.000000 0.000000 0.000000 0.000000 -1.000000 1.000000 0.000000 0.000000 85984.dat
1 71 7.999910 -18.000000 -70.000060 0.000000 -1.000000 0.000000 0.000000 0.000000 -1.000000 1.000000 0.000000 0.000000 85984.dat
1 71 7.999940 -18.000020 -30.000000 0.000000 -1.000000 0.000000 0.000000 0.000000 -1.000000 1.000000 0.000000 0.000000 85984.dat
1 71 7.999970 -18.000040 10.000000 0.000000 -1.000000 0.000000 0.000000 0.000000 -1.000000 1.000000 0.000000 0.000000 85984.dat
1 71 7.999940 -18.000050 50.000000 0.000000 -1.000000 0.000000 0.000000 0.000000 -1.000000 1.000000 0.000000 0.000000 85984.dat
1 71 8.000000 -18.000000 89.999940 0.000000 -1.000000 0.000000 0.000000 0.000000 -1.000000 1.000000 0.000000 0.000000 85984.dat
1 71 7.999970 -18.000000 130.000000 0.000000 -1.000000 0.000000 0.000000 0.000000 -1.000000 1.000000 0.000000 0.000000 85984.dat
1 36 7.999940 -18.000000 -140.000100 0.000000 -1.000000 0.000000 0.000000 0.000000 -1.000000 1.000000 0.000000 0.000000 54200.dat
0 NOFILE
0 FILE SubModel Group 17_Mirrored
0 SubModel Group 17_Mirrored
0 Name:  SubModel Group 17_Mirrored
0 Author:  

0 CustomBrick
0 NumOfBricks:  24
1 71 -15.154450 10.000000 -30.000010 0.000000 0.000000 1.000000 0.000000 1.000000 0.000000 -1.000000 0.000000 0.000000 60479.dat
1 71 -15.154410 -14.000000 -140.000100 0.000000 0.000000 1.000000 0.000000 1.000000 0.000000 -1.000000 0.000000 0.000000 87087.dat
1 71 -15.154440 -14.000000 -99.999980 0.000000 0.000000 1.000000 0.000000 1.000000 0.000000 -1.000000 0.000000 0.000000 87087.dat
1 4 -15.154480 -14.000000 -120.000100 0.000000 0.000000 -1.000000 0.000000 1.000000 0.000000 1.000000 0.000000 0.000000 60475b.dat
1 0 -15.154490 -14.000000 -49.999980 0.000000 0.000000 1.000000 0.000000 1.000000 0.000000 -1.000000 0.000000 0.000000 30414.dat
1 0 -5.146260 2.000000 -9.977480 0.000000 0.000000 1.000000 0.000000 1.000000 0.000000 -1.000000 0.000000 0.000000 15706.dat
1 14 -15.154420 -6.000000 30.000010 0.000000 0.000000 1.000000 0.000000 1.000000 0.000000 -1.000000 0.000000 0.000000 3710.dat
1 14 29.999970 -6.000000 11.309440 -0.707107 0.000000 0.707107 0.000000 1.000000 0.000000 -0.707107 0.000000 -0.707107 3710.dat
1 0 -5.146220 -14.000000 -9.977480 0.000000 0.000000 1.000000 0.000000 1.000000 0.000000 -1.000000 0.000000 0.000000 15706.dat
1 0 -15.154490 -14.000000 110.000000 0.000000 0.000000 1.000000 0.000000 1.000000 0.000000 -1.000000 0.000000 0.000000 30414.dat
1 71 -15.154540 10.000000 119.999900 0.000000 0.000000 1.000000 0.000000 1.000000 0.000000 -1.000000 0.000000 0.000000 3623.dat
1 71 -33.154400 -4.000030 -29.999990 0.000000 1.000000 0.000000 0.000000 0.000000 -1.000000 -1.000000 0.000000 0.000000 4510.dat
1 71 -33.154430 -4.000000 -130.000000 0.000000 1.000000 0.000000 0.000000 0.000000 -1.000000 -1.000000 0.000000 0.000000 32028.dat
1 71 -33.154480 -4.000000 70.000010 0.000000 1.000000 0.000000 0.000000 0.000000 -1.000000 -1.000000 0.000000 0.000000 32028.dat
1 71 -33.154520 -4.000000 110.000000 0.000000 1.000000 0.000000 0.000000 0.000000 -1.000000 -1.000000 0.000000 0.000000 32028.dat
1 15 -33.154540 -4.000000 140.000000 0.000000 1.000000 0.000000 -1.000000 0.000000 0.000000 0.000000 0.000000 1.000000 3024.dat
1 71 -33.154370 -3.999990 -110.000100 0.000000 1.000000 0.000000 0.000000 0.000000 -1.000000 -1.000000 0.000000 0.000000 85984.dat
1 71 -33.154420 -4.000000 -70.000060 0.000000 1.000000 0.000000 0.000000 0.000000 -1.000000 -1.000000 0.000000 0.000000 85984.dat
1 71 -33.154420 -4.000020 -30.000010 0.000000 1.000000 0.000000 0.000000 0.000000 -1.000000 -1.000000 0.000000 0.000000 85984.dat
1 71 -33.154470 -4.000040 9.999990 0.000000 1.000000 0.000000 0.000000 0.000000 -1.000000 -1.000000 0.000000 0.000000 85984.dat
1 71 -33.154440 -4.000050 49.999990 0.000000 1.000000 0.000000 0.000000 0.000000 -1.000000 -1.000000 0.000000 0.000000 85984.dat
1 71 -33.154530 -3.999990 89.999950 0.000000 1.000000 0.000000 0.000000 0.000000 -1.000000 -1.000000 0.000000 0.000000 85984.dat
1 71 -33.154450 -4.000000 130.000000 0.000000 1.000000 0.000000 0.000000 0.000000 -1.000000 -1.000000 0.000000 0.000000 85984.dat
1 36 -33.154430 -4.000000 -140.000000 0.000000 1.000000 0.000000 0.000000 0.000000 -1.000000 -1.000000 0.000000 0.000000 54200.dat
0 NOFILE
0 FILE SubModel Group 18
0 SubModel Group 18
0 Name:  SubModel Group 18
0 Author:  

0 CustomBrick
0 NumOfBricks:  15
1 0 7.082430 -28.000000 2.917510 -0.000004 0.000000 1.000000 0.000000 1.000000 0.000000 -1.000000 0.000000 -0.000004 2429.dat
1 0 7.082430 -28.000000 2.917500 -0.316624 0.000000 -0.948519 0.000000 1.000000 0.000000 0.948519 0.000000 -0.316624 2430.dat
1 36 17.082520 -36.000000 22.917460 0.000000 0.000000 -1.000000 0.000000 1.000000 0.000000 1.000000 0.000000 0.000000 3023.dat
