0 FILE main.ldr
0 Name: 387 – Excavator
1 14 -130 16 -20 1 0 0 0 1 0 0 0 1 3001.dat
1 4 -50 40 -40 1 0 0 0 1 0 0 0 1 3029.dat
1 14 -130 16 -60 1 0 0 0 1 0 0 0 1 3001.dat
1 14 -50 16 -20 1 0 0 0 1 0 0 0 1 3001.dat
1 14 -50 16 -60 1 0 0 0 1 0 0 0 1 3001.dat
1 14 70 16 -40 1 0 0 0 1 0 0 0 1 3001.dat
1 14 10 16 -40 1 0 0 0 1 0 0 0 1 6223.dat
1 4 90 40 -40 0 0 -1 0 1 0 1 0 0 3020.dat
1 14 90 -8 -40 1 0 0 0 1 0 0 0 1 6223.dat
1 14 10 -8 -40 1 0 0 0 1 0 0 0 1 3001.dat
1 14 -90 8 0 1 0 0 0 1 0 0 0 1 3034.dat
1 14 -90 8 -80 1 0 0 0 1 0 0 0 1 3034.dat
1 14 60 -8 -40 0 0 -1 0 1 0 1 0 0 3317.dat
1 4 -180 10 -40 0 0 -1 0 1 0 1 0 0 3149e.dat
1 16 -180 10 -40 0 -0.034899 -0.999391 0 0.999391 -0.034899 1 0 0 arm-1.ldr
1 4 -180 10 -40 0 0 -1 0 1 0 1 0 0 313.dat
1 14 70 -16 -40 -1 0 0 0 1 0 0 0 -1 3020.dat
1 14 -10 -16 -40 -1 0 0 0 1 0 0 0 -1 3020.dat
1 14 -70 -16 -10 -1 0 0 0 1 0 0 0 -1 3009.dat
1 14 -70 -16 -70 -1 0 0 0 1 0 0 0 -1 3009.dat
1 14 -140 -16 -40 0 0 1 0 1 0 -1 0 0 3037.dat
1 14 -30 -24 -40 0 0 -1 0 1 0 1 0 0 3020.dat
1 16 53.478596 1 -40 0.965926 -0.258819 0 0.258819 0.965926 0 0 0 1 frontloader.ldr
1 47 -140 -40 -40 0 0 1 0 1 0 -1 0 0 3010.dat
1 47 -140 -64 -40 0 0 1 0 1 0 -1 0 0 3010.dat
1 47 -40 -64 -40 0 0 -1 0 1 0 1 0 0 21.dat
1 14 -90 -72 -40 1 0 0 0 1 0 0 0 1 3032.dat
1 4 -90 48 -20 1 0 0 0 1 0 0 0 1 3001.dat
1 4 70 48 -20 1 0 0 0 1 0 0 0 1 3001.dat
1 4 -90 48 -60 1 0 0 0 1 0 0 0 1 3001.dat
1 4 70 48 -60 1 0 0 0 1 0 0 0 1 3001.dat
1 4 -10 48 -10 1 0 0 0 1 0 0 0 1 3010.dat
1 4 -10 48 -70 1 0 0 0 1 0 0 0 1 3010.dat
1 4 -140 48 -60 0 0 1 0 1 0 -1 0 0 3660a.dat
1 4 -140 48 -20 0 0 1 0 1 0 -1 0 0 3660a.dat
1 7 70 72 -40 0 0 1 0 1 0 -1 0 0 3709a.dat
1 4 -10 72 -10 -1 0 0 0 1 0 0 0 -1 3009.dat
1 4 -10 72 -70 -1 0 0 0 1 0 0 0 -1 3009.dat
1 79 70 82 -40 0 0 1 0 -1 0 1 0 0 3707.dat
1 4 70 82 10 0 1 0 1 0 0 0 0 -1 585.dat
1 4 70 82 30 0.707107 0.707107 0 0.707107 -0.707107 0 0 0 -1 569.dat
1 4 70 82 -110 0.707107 0.707107 0 0.707107 -0.707107 0 0 0 -1 569.dat
1 4 70 82 -90 0 1 0 1 0 0 0 0 -1 585.dat
1 4 -90 82 -110 0.707107 0.707107 0 0.707107 -0.707107 0 0 0 -1 569.dat
1 4 -90 82 -90 0 1 0 1 0 0 0 0 -1 585.dat
1 7 -90 72 -40 0 0 1 0 1 0 -1 0 0 3709a.dat
1 4 -90 82 10 0 1 0 1 0 0 0 0 -1 585.dat
1 4 -90 82 30 0.707107 0.707107 0 0.707107 -0.707107 0 0 0 -1 569.dat
1 79 -90 82 -40 0 0 1 0 -1 0 1 0 0 3707.dat
1 0 -90 -96 -40 1 0 0 0 1 0 0 0 1 3062a.dat
0 FILE technicChainClosed-1.ldr
0 Name: technicChainClosed-1.ldr
0 Author: LDCad
0 !CATEGORY technic
0 !KEYWORDS flexible, chain
0 !LDCAD CONTENT [type=path] [addFallBack=default] [looped=true] [displayKind=links] [curveStep=16] [displayLenCor=0]

0 !LDCAD PATH_POINT [type=circle] [posOri=0 0 0 1 0 0 0 1 0 0 0 1] [prevCPDist=25] [nextCPDist=25] [cirR=51.2] [cirDir=xyCW] [prevYRoll=0] [nextYRoll=0]
0 !LDCAD PATH_POINT [type=circle] [posOri=160 0 0 1 0 0 0 1 0 0 0 1] [prevCPDist=25] [nextCPDist=25] [cirR=51.2] [cirDir=xyCW] [prevYRoll=0] [nextYRoll=0]

0 !LDCAD PATH_SKIN [donCol=16] [donOri=0 1 0 0 0 1 1 0 0] [donPart=3711.dat] [donYSize=100%] [donCen=partCen] [donCenYOfs=0] [donFinScale=none] [donPlace=refsStat] [donYAlign=1] [donInline=false] [segSize=16] [segSizeTol=0] [segsCnt=0] [segsGrp=0] [segsMaxMerge=1] [segsMrgAng=0] [segsMrgRollAng=0] [segsEdgeDelKind=keepFirstLeft]

0 !LDCAD GENERATED [generator=LDCad 1.7 Beta 1]
0 //This is the fallback LDraw content for above PATH configuration.
0 // Do not edit, any changes will be lost upon regeneration.
0 // The path is approx 256.10 mm (640.25) and exists out of 40 segments.
0 // warning: the path could not be filled out completely resulting in 0.10 mm (0.25) dead space due to configuration induced constrains.

0 //Some general hints about the document.
0 UNOFFICIAL PART
0 BFC CERTIFY CCW

0 //Segments
1 16 -48.69704856 -15.80301345 0 0 0.98768834 -0.15643447 0 0.15643447 0.98768834 1 0 0 3711.dat
1 16 -41.43838998 -30.06176079 0 0 0.89117171 -0.45366616 0 0.45366616 0.89117171 1 0 0 3711.dat
1 16 -30.13271938 -41.38350148 0 0 0.70760879 -0.70660441 0 0.70660441 0.70760879 1 0 0 3711.dat
1 16 -15.88417344 -48.66216472 0 0 0.45491645 -0.89053412 0 0.89053412 0.45491645 1 0 0 3711.dat
1 16 -0.08456005 -51.18648973 0 0 0.15777031 -0.98747584 0 0.98747584 0.15777031 1 0 0 3711.dat
1 16 15.91543459 -51.19959194 0 0 0.00081889 -0.99999966 0 0.99999966 0.00081889 1 0 0 3711.dat
1 16 31.91543458 -51.19999707 0 0 0.00002532 -1 0 1 0.00002532 1 0 0 3711.dat
1 16 47.91543458 -51.19999993 0 0 0.00000018 -1 0 1 0.00000018 1 0 0 3711.dat
1 16 63.91543458 -51.19999999 0 0 0 -1 0 1 0 1 0 0 3711.dat
1 16 79.91543458 -51.2 0 0 0 -1 0 1 0 1 0 0 3711.dat
1 16 95.91543458 -51.2 0 0 0 -1 0 1 0 1 0 0 3711.dat
1 16 111.91543458 -51.2 0 0 0 -1 0 1 0 1 0 0 3711.dat
1 16 127.91543458 -51.2 0 0 0 -1 0 1 0 1 0 0 3711.dat
1 16 143.91543458 -51.2 0 0 0 -1 0 1 0 1 0 0 3711.dat
1 16 159.91543458 -51.2 0 0 0 -1 0 1 0 1 0 0 3711.dat
1 16 175.720499 -48.71003237 0 0 -0.15562298 -0.98781653 0 0.98781653 -0.15562298 1 0 0 3711.dat
1 16 189.99087657 -41.47426537 0 0 -0.45223544 -0.8918986 0 0.8918986 -0.45223544 1 0 0 3711.dat
1 16 201.32991797 -30.18594663 0 0 -0.70551992 -0.70869009 0 0.70869009 -0.70551992 1 0 0 3711.dat
1 16 208.62932049 -15.9480141 0 0 -0.88987078 -0.45621266 0 0.45621266 -0.88987078 1 0 0 3711.dat
1 16 211.17551343 -0.1519101 0 0 -0.9872565 -0.15913706 0 0.15913706 -0.9872565 1 0 0 3711.dat
1 16 208.71944785 15.65845808 0 0 -0.98814801 0.1535041 0 -0.1535041 -0.98814801 1 0 0 3711.dat
1 16 201.50102975 29.93761913 0 0 -0.89244757 0.45115113 0 -0.45115113 -0.89244757 1 0 0 3711.dat
1 16 190.22575312 41.28962938 0 0 -0.70950064 0.70470479 0 -0.70470479 -0.70950064 1 0 0 3711.dat
1 16 175.99580256 48.6045803 0 0 -0.45718443 0.88937191 0 -0.88937191 -0.45718443 1 0 0 3711.dat
1 16 160.20234989 51.16716746 0 0 -0.1601617 0.98709079 0 -0.98709079 -0.1601617 1 0 0 3711.dat
1 16 144.20238113 51.19878256 0 0 -0.00197594 0.99999805 0 -0.99999805 -0.00197594 1 0 0 3711.dat
1 16 128.20238117 51.19998248 0 0 -0.000075 1 0 -1 -0.000075 1 0 0 3711.dat
1 16 112.20238117 51.19999947 0 0 -0.00000106 1 0 -1 -0.00000106 1 0 0 3711.dat
1 16 96.20238117 51.2 0 0 -0.00000003 1 0 -1 -0.00000003 1 0 0 3711.dat
1 16 80.20238117 51.2 0 0 0 1 0 -1 0 1 0 0 3711.dat
1 16 64.20238117 51.2 0 0 0 1 0 -1 0 1 0 0 3711.dat
1 16 48.20238117 51.2 0 0 0 1 0 -1 0 1 0 0 3711.dat
1 16 32.20238117 51.2 0 0 0 1 0 -1 0 1 0 0 3711.dat
1 16 16.20238117 51.2 0 0 0 1 0 -1 0 1 0 0 3711.dat
1 16 0.20238117 51.2 0 0 0 1 0 -1 0 1 0 0 3711.dat
1 16 -15.60548797 48.72790108 0 0 0.15450618 0.98799182 0 -0.98799182 0.15450618 1 0 0 3711.dat
1 16 -29.89191644 41.52387709 0 0 0.4502515 0.89290178 0 -0.89290178 0.4502515 1 0 0 3711.dat
1 16 -41.25503121 30.25979156 0 0 0.70400535 0.71019467 0 -0.71019467 0.70400535 1 0 0 3711.dat
1 16 -48.58330375 16.03669691 0 0 0.88894342 0.45801703 0 -0.45801703 0.88894342 1 0 0 3711.dat
1 16 -51.15993709 0.24552974 0 0 0.98694795 0.16103958 0 -0.16103958 0.98694795 1 0 0 3711.dat
0 FILE arm-1.ldr
0 Name: arm-1.ldr
1 4 0 0.216272 0.177881 1 0 0 0 -0.34202 0.939693 0 -0.939693 -0.34202 314e.dat
1 4 0 -83.672024 32.839079 0 0 -1 0.939693 -0.34202 0 -0.34202 -0.939693 0 3034.dat
1 4 0 -166.192239 69.259047 -1 0 0 0 -0.34202 -0.939693 0 -0.939693 0.34202 3149e.dat
1 4 0 -166.192239 69.259047 -1 0 0 0 -0.34202 -0.939693 0 -0.939693 0.34202 313.dat
1 16 0 -166.192239 69.259047 -1 0 0 0 0.996195 0.087156 0 0.087156 -0.996195 arm-2.ldr
0 FILE arm-2.ldr
0 Name: arm-2.ldr
1 4 0 0 0 1 0 0 0 1 0 0 0 1 314e.dat
1 4 0 -2 -50 0 0 -1 0 1 0 1 0 0 3491.dat
1 14 0 71.764071 -96.596344 1 0 0 0 0.996195 -0.087156 0 0.087156 0.996195 3492c01.dat
0 FILE frontloader.ldr
0 Name: frontloader.ldr
1 4 61 -25 0 1 0 0 0 1 0 0 0 1 828.dat
1 14 196.558753 -81.734619 0 0.965926 0.258819 0 -0.258819 0.965926 0 0 0 1 3433.dat
