0 FILE main.ldr
0 387 – Dumper
0 Name: 387 – Dumper.ldr
1 16 40 18 52 -0.819152 0 -0.573576 0 1 0 0.573576 0 -0.819152 back.ldr
1 16 40 -24 52 1 0 0 0 1 0 0 0 1 front.ldr
0 FILE loading-area.ldr
0 Name: loading-area.ldr
1 4 0 0 0 1 0 0 0 1 0 0 0 1 314e.dat
1 14 0 -18 -30 0 0 -1 0 1 0 1 0 0 94148.dat
1 14 0 -18 -130 0 0 -1 0 1 0 1 0 0 3034.dat
1 14 0 -26 -110 0 0 -1 0 1 0 1 0 0 3034.dat
1 14 0 -87.25 -200 1 0 0 0 1 0 0 0 1 3145.dat
1 14 0 -87.25 -20 -1 0 0 0 1 0 0 0 -1 3436.dat
1 14 46.987595 -48.593311 -110 0 -0.867014 -0.498284 0 -0.498284 0.867014 -1 0 0 3030.dat
1 14 -46.884628 -48.654147 -110 0 0.867014 -0.498284 0 -0.498284 -0.867014 -1 0 0 3030.dat
0 FILE wheel.ldr
0 Name: wheel.ldr
1 4 0 0 0 1 0 0 0 1 0 0 0 1 7039.dat
1 256 0 0 0 0.999848 0.017452 0 -0.017452 0.999848 0 0 0 1 3634.dat
0 FILE back.ldr
0 Name: back.ldr
1 16 -180 0 -52 1 0 0 0 1 0 0 0 1 wheels.ldr
1 4 -140 -18 0 -1 0 0 0 1 0 0 0 -1 3029.dat
1 4 -180 -26 0 -1 0 0 0 1 0 0 0 -1 3034.dat
1 4 -60 -26 0 0 0 -1 0 1 0 1 0 0 3639.dat
1 4 -270 -32 0 0 0 -1 0 1 0 1 0 0 3149e.dat
1 16 -270 -32 0 0 0.292372 -0.956305 0 0.956305 0.292372 1 0 0 loading-area.ldr
1 4 -270 -32 0 0 0 -1 0 1 0 1 0 0 313.dat
1 4 -100 -34 0 -1 0 0 0 1 0 0 0 -1 3034.dat
1 4 -80 -42 0 -1 0 0 0 1 0 0 0 -1 3068.dat
1 4 -120 -42 0 -1 0 0 0 1 0 0 0 -1 3068.dat
0 FILE front.ldr
0 Name: front.ldr
1 14 -120 0 0 1 0 0 0 1 0 0 0 1 3030.dat
1 4 -60 8 0 -1 0 0 0 1 0 0 0 -1 3020.dat
1 4 -60 16 0 0 0 -1 0 1 0 1 0 0 3640.dat
1 14 -80 -8 20 1 0 0 0 1 0 0 0 1 3020.dat
1 14 -80 -8 -20 1 0 0 0 1 0 0 0 1 3020.dat
1 14 -80 -16 20 1 0 0 0 1 0 0 0 1 3020.dat
1 14 -80 -16 -20 1 0 0 0 1 0 0 0 1 3020.dat
1 14 -30 -24 0 0 0 1 0 1 0 -1 0 0 3010.dat
1 14 -130 -24 0 0 0 1 0 1 0 -1 0 0 3010.dat
1 14 -210 -24 30 0 0 1 0 1 0 -1 0 0 30071.dat
1 14 -210 -24 -30 0 0 1 0 1 0 -1 0 0 30071.dat
1 0 -180 -24 0 -1 0 0 0 1 0 0 0 -1 3001.dat
1 14 -80 -24 0 0 0 -1 0 1 0 1 0 0 3032.dat
1 14 -80 -48 30 1 0 0 0 1 0 0 0 1 3009.dat
1 14 -80 -48 -30 1 0 0 0 1 0 0 0 1 3009.dat
1 0 -180 -48 0 -1 0 0 0 1 0 0 0 -1 3001.dat
1 14 -210 -48 -30 0 0 1 0 1 0 -1 0 0 30071.dat
1 14 -210 -48 30 0 0 1 0 1 0 -1 0 0 30071.dat
1 14 -30 -48 0 0 0 1 0 1 0 -1 0 0 93792.dat
1 47 -30 -72 0 0 0 1 0 1 0 -1 0 0 3010.dat
1 47 -30 -96 0 0 0 1 0 1 0 -1 0 0 3010.dat
1 47 -90 -96 0 0 0 1 0 1 0 -1 0 0 21.dat
1 14 -160 -56 0 1 0 0 0 1 0 0 0 1 3032.dat
1 14 -90 -56 -30 1 0 0 0 1 0 0 0 1 3024.dat
1 14 -90 -56 30 1 0 0 0 1 0 0 0 1 3024.dat
1 14 -60 -104 20 1 0 0 0 1 0 0 0 1 3020.dat
1 14 -60 -104 -20 1 0 0 0 1 0 0 0 1 3020.dat
1 0 -170 -80 10 1 0 0 0 1 0 0 0 1 3062a.dat
1 4 -60 24 0 -1 0 0 0 1 0 0 0 -1 3020.dat
1 4 -100 8 -30 -1 0 0 0 1 0 0 0 -1 3008.dat
1 4 -100 8 30 -1 0 0 0 1 0 0 0 -1 3008.dat
1 4 -190 8 20 0 0 1 0 1 0 -1 0 0 3660.dat
1 4 -190 8 -20 0 0 1 0 1 0 -1 0 0 3660.dat
1 14 -80 42 -52 1 0 0 0 1 0 0 0 1 wheels.ldr
0 FILE wheels.ldr
0 Name: wheels.ldr
1 16 0 0 0 1 0 0 0 1 0 0 0 1 wheel.ldr
1 0 0 -10 52 0 0 -1 0 1 0 1 0 0 7049b.dat
1 16 0 0 104 -1 0 0 0 1 0 0 0 -1 wheel.ldr
