0 FILE main.ldr
0 Cover of 7777
0 Name: 7777-cover
1 0 0 -15 -60 1 0 0 0 1 0 0 0 1 7822 - Railway Station.mpd
1 16 204.448 -78 331.2 1 0 0 0 1 0 0 0 1 minifig-1.ldr
0 FILE minifig-1.ldr
1 1 0 0 0 0.985431 -0.170074 0 0.085037 0.492716 0.866025 -0.147289 -0.853408 0.5 3818.dat
1 14 -8.138824 0.319498 -20.321186 0.991528 -0.049088 0.120261 0.015729 0.964403 0.26397 -0.128938 -0.259842 0.957004 3820.dat
1 1 15.552 -9 0 1 0 0 0 1 0 0 0 1 973p18.dat
1 1 15.552 23 0 1 0 0 0 1 0 0 0 1 73200b.dat
1 14 15.552 -33 0 1 0 0 0 1 0 0 0 1 3626bp01.dat
1 4 15.552 -33 0 1 0 0 0 1 0 0 0 1 3624.dat
1 1 31.104 0 0 0.985431 0.170074 0 -0.170074 0.985431 0 0 0 1 3819.dat
1 14 39.242824 17.758413 -9.8839 0.991528 -0.049088 -0.120261 -0.049088 0.715579 -0.696805 0.120261 0.696805 0.707107 3820.dat
1 7 -8.64646 -47.053307 -27.056571 -0.997924 0.062012 0.017409 -0.018114 -0.010819 -0.999777 -0.06181 -0.998017 0.01192 3900d01.dat
