0 FILE main.ldr
0 Cover of 7777
0 Name: 7777-cover
1 0 0 -15 -60 1 0 0 0 1 0 0 0 1 7777-42-station.ldr
1 16 268.8 -134 -175.552 -0.104528 0 -0.994522 0 1 0 0.994522 0 -0.104528 minifig-1.ldr
1 0 415 -105 -407 0 0 -1 0 1 0 1 0 0 trains\7740-intercity-passenger-train.mpd
1 16 80 -101 -45 -1 0 0 0 1 0 0 0 -1 trains\7730-goods-train.ldr
1 7 80 -101 -453 1 0 0 0 1 0 0 0 1 trains\passenger-car-1.ldr
1 7 80 -101 -841 1 0 0 0 1 0 0 0 1 trains\passenger-car-1.ldr
1 16 628.663268 -35 118.497408 0.999955 0 -0.009499 0 1 0 0.009499 0 0.999955 draisine-scene.ldr
0 FILE minifig-1.ldr
1 1 0 0 0 0.985431 -0.170074 0 0.044018 0.255049 0.965925 -0.164279 -0.951853 0.258819 3818.dat
1 14 -8.138824 -4.950899 -19.711451 0.991528 -0.049088 0.120261 -0.018179 0.86429 0.502666 -0.128616 -0.500594 0.856074 3820.dat
1 1 15.552 -9 0 1 0 0 0 1 0 0 0 1 973p18.dat
1 1 15.552 23 0 1 0 0 0 1 0 0 0 1 73200b.dat
1 14 15.552 -33 0 1 0 0 0 1 0 0 0 1 3626bp01.dat
1 4 15.552 -33 0 1 0 0 0 1 0 0 0 1 3624.dat
1 1 31.104 0 0 0.987632 0.156379 0.011359 -0.147274 0.950099 -0.274994 -0.053796 0.26992 0.961379 3819.dat
1 14 38.882943 19.923223 -4.674016 0.993416 -0.05109 -0.102545 -0.06394 0.495465 -0.866272 0.095065 0.867124 0.488936 3820.dat
1 7 -9.714812 -47.745338 -15.620232 -0.833221 0.552666 0.017409 -0.163385 -0.216002 -0.962625 -0.52825 -0.804925 0.270275 3900d01.dat
0 FILE draisine-scene.ldr
0 Name: draisine-scene.ldr
0 Author: Christian Gudrian [cgudrian]
0 !LICENSE Free for non-commercial use.
1 7 0 0 0 -0.087156 0 0.996195 0 1 0 -0.996195 0 -0.087156 3240ac01.dat
1 7 -27.889838 0 -318.782303 -0.087156 0 0.996195 0 1 0 -0.996195 0 -0.087156 3240ac01.dat
1 16 23.78494 -6 -72.348292 1 0 0 0 1 0 0 0 1 draisine-complete.ldr
1 7 -45.320986 24 -518.021243 -0.996195 0 -0.087156 0 1 0 0.087156 0 -0.996195 trains\buffer-stop.ldr
1 7 27.889857 0 318.782452 -0.087156 0 0.996195 0 1 0 -0.996195 0 -0.087156 3240ac01.dat
0 FILE draisine.ldr
0 Author: Christian Gudrian [cgudrian]
0 !LICENSE Free for non-commercial use.
1 4 0 -32 -10 1 0 0 0 1 0 0 0 1 3738.dat
1 4 0 -32 -50 1 0 0 0 1 0 0 0 1 3738.dat
1 0 -60 -24 -30 0 0 -1 0 1 0 1 0 0 4180c02.dat
1 0 60 -24 -30 0 0 -1 0 1 0 1 0 0 4180c02.dat
1 4 0 -24 -40 -1 0 0 0 1 0 0 0 -1 3701.dat
1 4 0 -24 -20 -1 0 0 0 1 0 0 0 -1 3701.dat
1 7 -60 -40 -30 -1 0 0 0 1 0 0 0 -1 3020.dat
1 7 40 -40 -30 -1 0 0 0 1 0 0 0 -1 3795.dat
1 4 -10 -56 -60 0 0 1 0 1 0 -1 0 0 6270.dat
1 4 -10 -56 0 0 0 1 0 1 0 -1 0 0 6270.dat
1 4 10 -56 0 0 0 -1 0 1 0 1 0 0 6270.dat
1 4 10 -56 -60 0 0 -1 0 1 0 1 0 0 6270.dat
1 4 0 -80 -60 -1 0 0 0 1 0 0 0 -1 3700.dat
1 4 0 -80 0 -1 0 0 0 1 0 0 0 -1 3700.dat
1 7 0 -70 -10 0 -1 0 0 0 1 -1 0 0 3673.dat
1 7 0 -70 -50 0 -1 0 0 0 1 -1 0 0 3673.dat
1 16 0 -70 -30 0.974565 -0.224095 -0.002225 0.224095 0.97437 0.019606 -0.002225 -0.019606 0.999805 handle.ldr
1 4 0 -88 0 -1 0 0 0 1 0 0 0 -1 28653.dat
1 4 0 -88 -60 -1 0 0 0 1 0 0 0 -1 28653.dat
0 FILE handle.ldr
0 Name: handle.ldr
0 Author: Christian Gudrian [cgudrian]
0 !LICENSE Free for non-commercial use.
1 7 -50 -26 0 0 0 1 0 1 0 -1 0 0 3839a.dat
1 4 0 -26 0 -1 0 0 0 1 0 0 0 -1 3020.dat
1 4 0 -34 0 -1 0 0 0 1 0 0 0 -1 3795.dat
1 4 0 -18 0 -1 0 0 0 1 0 0 0 -1 3795.dat
1 7 50 -26 0 0 0 -1 0 1 0 1 0 0 3839a.dat
1 4 0 -10 -10 -1 0 0 0 1 0 0 0 -1 3700.dat
1 4 0 -10 10 -1 0 0 0 1 0 0 0 -1 3700.dat
0 FILE minifig.ldr
0 Name: minifig.ldr
0 Author: Christian Gudrian [cgudrian]
0 !LICENSE Free for non-commercial use.
1 0 0 0 0 -0.87462 0 -0.48481 0 1 0 0.48481 0 -0.87462 3624.dat
1 14 0 0 0 -0.87462 0 -0.48481 0 1 0 0.48481 0 -0.87462 3626bp01.dat
1 0 0 24 0 -0.996195 0 -0.087156 0 1 0 0.087156 0 -0.996195 973p22.dat
1 0 15.492827 33 -1.355447 -0.981749 0.129966 -0.138848 0.172584 0.915547 -0.363301 0.079905 -0.380633 -0.921268 3818.dat
1 0 -15.492827 33 1.355447 -0.981682 -0.188418 -0.028287 -0.170074 0.933499 -0.31568 0.085886 -0.305086 -0.948444 3819.dat
1 14 -23.679724 52.897885 5.397993 -0.984879 -0.131122 0.11323 -0.160208 0.440578 -0.883303 0.065934 -0.888087 -0.454923 3820.dat
1 14 24.228207 53.017018 0.162908 -0.98079 -0.043839 -0.190081 0.157517 0.396815 -0.904283 0.115069 -0.916851 -0.382287 3820.dat
1 1 0 56 0 -0.996195 0 -0.087156 0 1 0 0.087156 0 -0.996195 73200b.dat
0 FILE draisine-complete.ldr
0 Name: draisine-complete.ldr
0 Author: Christian Gudrian [cgudrian]
0 !LICENSE Free for non-commercial use.
1 7 0 0 0 -0.087156 0 0.996195 0 1 0 -0.996195 0 -0.087156 draisine.ldr
1 16 -37.830203 -136 -88.351096 0.999937 0 -0.011205 0 1 0 0.011205 0 0.999937 minifig.ldr
