0 FILE main.ldr
0 Graph Plotter
0 Author: LEGO [cgudrian]
1 7 0 0 0 1 0 0 0 1 0 0 0 1 3027.dat
1 7 0 0 -120 1 0 0 0 1 0 0 0 1 3027.dat
1 7 0 0 -240 1 0 0 0 1 0 0 0 1 3027.dat
1 7 0 0 -360 1 0 0 0 1 0 0 0 1 3027.dat
1 7 0 0 -480 1 0 0 0 1 0 0 0 1 3027.dat
1 7 0 0 -600 1 0 0 0 1 0 0 0 1 3027.dat
1 7 80 -8 -60 1 0 0 0 1 0 0 0 1 3795.dat
1 7 30 -8 20 0 0 1 0 1 0 -1 0 0 3710.dat
1 7 -150 -8 20 0 0 1 0 1 0 -1 0 0 3710.dat
1 7 0 -8 -60 0 0 1 0 1 0 -1 0 0 3068b.dat
1 7 -40 -8 -60 0 0 1 0 1 0 -1 0 0 3068b.dat
1 7 -80 -8 -60 0 0 1 0 1 0 -1 0 0 3068b.dat
1 7 -120 -8 -60 0 0 1 0 1 0 -1 0 0 3068b.dat
1 7 -120 -8 -20 0 0 1 0 1 0 -1 0 0 3068b.dat
1 7 0 -8 -20 0 0 1 0 1 0 -1 0 0 3068b.dat
1 7 -40 -8 -20 0 0 1 0 1 0 -1 0 0 3068b.dat
1 7 -80 -8 -20 0 0 1 0 1 0 -1 0 0 3068b.dat
1 7 -120 -8 -100 0 0 1 0 1 0 -1 0 0 3068b.dat
1 7 0 -8 -100 0 0 1 0 1 0 -1 0 0 3068b.dat
1 7 -40 -8 -100 0 0 1 0 1 0 -1 0 0 3068b.dat
1 7 -80 -8 -100 0 0 1 0 1 0 -1 0 0 3068b.dat
1 7 -120 -8 -140 0 0 1 0 1 0 -1 0 0 3068b.dat
1 7 0 -8 -140 0 0 1 0 1 0 -1 0 0 3068b.dat
1 7 -40 -8 -140 0 0 1 0 1 0 -1 0 0 3068b.dat
1 7 -80 -8 -140 0 0 1 0 1 0 -1 0 0 3068b.dat
1 7 -120 -8 -180 0 0 1 0 1 0 -1 0 0 3068b.dat
1 7 0 -8 -180 0 0 1 0 1 0 -1 0 0 3068b.dat
1 7 -40 -8 -180 0 0 1 0 1 0 -1 0 0 3068b.dat
1 7 -80 -8 -180 0 0 1 0 1 0 -1 0 0 3068b.dat
1 7 -120 -8 -220 0 0 1 0 1 0 -1 0 0 3068b.dat
1 7 0 -8 -220 0 0 1 0 1 0 -1 0 0 3068b.dat
1 7 -40 -8 -220 0 0 1 0 1 0 -1 0 0 3068b.dat
1 7 -80 -8 -220 0 0 1 0 1 0 -1 0 0 3068b.dat
1 7 -120 -8 -260 0 0 1 0 1 0 -1 0 0 3068b.dat
1 7 0 -8 -260 0 0 1 0 1 0 -1 0 0 3068b.dat
1 7 -40 -8 -260 0 0 1 0 1 0 -1 0 0 3068b.dat
1 7 -80 -8 -260 0 0 1 0 1 0 -1 0 0 3068b.dat
1 7 -120 -8 -300 0 0 1 0 1 0 -1 0 0 3068b.dat
1 7 0 -8 -300 0 0 1 0 1 0 -1 0 0 3068b.dat
1 7 -40 -8 -300 0 0 1 0 1 0 -1 0 0 3068b.dat
1 7 -80 -8 -300 0 0 1 0 1 0 -1 0 0 3068b.dat
1 7 -120 -8 -340 0 0 1 0 1 0 -1 0 0 3068b.dat
1 7 0 -8 -340 0 0 1 0 1 0 -1 0 0 3068b.dat
1 7 -40 -8 -340 0 0 1 0 1 0 -1 0 0 3068b.dat
1 7 -80 -8 -340 0 0 1 0 1 0 -1 0 0 3068b.dat
1 7 -120 -8 -380 0 0 1 0 1 0 -1 0 0 3068b.dat
1 7 0 -8 -380 0 0 1 0 1 0 -1 0 0 3068b.dat
1 7 -40 -8 -380 0 0 1 0 1 0 -1 0 0 3068b.dat
1 7 -80 -8 -380 0 0 1 0 1 0 -1 0 0 3068b.dat
1 7 -120 -8 -420 0 0 1 0 1 0 -1 0 0 3068b.dat
1 7 0 -8 -420 0 0 1 0 1 0 -1 0 0 3068b.dat
1 7 -40 -8 -420 0 0 1 0 1 0 -1 0 0 3068b.dat
1 7 -80 -8 -420 0 0 1 0 1 0 -1 0 0 3068b.dat
1 7 -120 -8 -600 0 0 1 0 1 0 -1 0 0 3068b.dat
1 7 0 -8 -600 0 0 1 0 1 0 -1 0 0 3068b.dat
1 7 -40 -8 -600 0 0 1 0 1 0 -1 0 0 3068b.dat
1 7 -80 -8 -600 0 0 1 0 1 0 -1 0 0 3068b.dat
1 7 -120 -8 -640 0 0 1 0 1 0 -1 0 0 3068b.dat
1 7 0 -8 -640 0 0 1 0 1 0 -1 0 0 3068b.dat
1 7 -40 -8 -640 0 0 1 0 1 0 -1 0 0 3068b.dat
1 7 -80 -8 -640 0 0 1 0 1 0 -1 0 0 3068b.dat
1 7 160 -8 -420 -1 0 0 0 1 0 0 0 -1 3020.dat
1 7 220 0 -500 0 0 1 0 1 0 -1 0 0 3027.dat
1 1 270 -24 -540 0 0 1 0 1 0 -1 0 0 3009.dat
1 1 270 -24 -440 0 0 1 0 1 0 -1 0 0 3010.dat
1 1 270 -48 -460 0 0 1 0 1 0 -1 0 0 3009.dat
1 1 270 -72 -540 0 0 1 0 1 0 -1 0 0 3009.dat
1 1 270 -72 -440 0 0 1 0 1 0 -1 0 0 3010.dat
1 1 270 -96 -460 0 0 1 0 1 0 -1 0 0 3009.dat
1 1 270 -96 -600 0 0 1 0 1 0 -1 0 0 3009.dat
1 1 270 -96 -530 0 0 1 0 1 0 -1 0 0 3005.dat
1 7 100 -64 -520 0 0 1 0 1 0 -1 0 0 170c01.dat
1 7 240 -64 -640 0 0 1 0 1 0 -1 0 0 6216a.dat
1 1 240 -8 -640 1 0 0 0 1 0 0 0 1 3020.dat
1 1 240 -72 -640 1 0 0 0 1 0 0 0 1 3020.dat
1 1 90 -8 -520 1 0 0 0 1 0 0 0 1 3021.dat
1 1 -150 -24 -540 0 0 1 0 1 0 -1 0 0 3009.dat
1 1 -150 -24 -440 0 0 1 0 1 0 -1 0 0 3010.dat
1 1 -150 -48 -460 0 0 1 0 1 0 -1 0 0 3894.dat
1 1 -150 -48 -560 0 0 1 0 1 0 -1 0 0 3010.dat
1 1 -150 -72 -580 0 0 1 0 1 0 -1 0 0 3700.dat
1 1 -150 -72 -480 0 0 1 0 1 0 -1 0 0 3008.dat
1 1 -150 -96 -460 0 0 1 0 1 0 -1 0 0 3894.dat
1 1 -150 -96 -560 0 0 1 0 1 0 -1 0 0 3010.dat
1 1 30 -72 -480 0 0 1 0 1 0 -1 0 0 3008.dat
1 1 30 -96 -560 0 0 1 0 1 0 -1 0 0 3010.dat
1 1 30 -72 -580 0 0 1 0 1 0 -1 0 0 3700.dat
1 1 30 -96 -460 0 0 1 0 1 0 -1 0 0 3009.dat
1 1 30 -48 -460 0 0 1 0 1 0 -1 0 0 3894.dat
1 1 30 -48 -560 0 0 1 0 1 0 -1 0 0 3010.dat
1 1 30 -24 -540 0 0 1 0 1 0 -1 0 0 3009.dat
1 1 30 -24 -440 0 0 1 0 1 0 -1 0 0 3010.dat
1 16 -170 -38 -420 0 0 -1 -1 0 0 0 1 0 paper-drive.ldr
1 16 -170 -38 -480 0 0 -1 -0.993 0.122 0 0.122 0.993 0 paper-drive.ldr
1 7 50 -38 -520 0 0 -1 -1 0 0 0 1 0 3647.dat
1 1 90 -72 -520 1 0 0 0 1 0 0 0 1 3021.dat
1 1 100 -80 -520 1 0 0 0 1 0 0 0 1 3795.dat
1 1 150 -48 -580 0 0 1 0 1 0 -1 0 0 3702.dat
1 7 190 -38 -640 0 0 -1 -1 0 0 0 1 0 3647.dat
1 1 270 -48 -560 0 0 1 0 1 0 -1 0 0 3701.dat
1 16 135 -38 -520 -1 0 0 0 1 0 0 0 -1 drive-line-3.ldr
1 16 160 -38 -560 -1 0 0 0 1 0 0 0 -1 drive-line-2.ldr
1 16 170 -38 -600 0 0 -1 -0.927 -0.375 0 -0.375 0.927 0 drive-line-1.ldr
1 1 150 -96 -580 0 0 1 0 1 0 -1 0 0 3010.dat
1 1 200 -80 -640 1 0 0 0 1 0 0 0 1 3795.dat
1 16 220 -160 -680 0 0 1 0 1 0 -1 0 0 decoder.ldr
1 1 240 -104 -660 0 0 1 0 1 0 -1 0 0 3001.dat
1 1 200 -104 -660 0 0 1 0 1 0 -1 0 0 3001.dat
1 1 140 -88 -650 1 0 0 0 1 0 0 0 1 3710.dat
1 1 140 -96 -650 1 0 0 0 1 0 0 0 1 3710.dat
1 1 170 -48 -640 0 0 1 0 1 0 -1 0 0 3004.dat
1 7 -120 -8 -560 0 0 1 0 1 0 -1 0 0 3068b.dat
1 7 -80 -8 -560 0 0 1 0 1 0 -1 0 0 3068b.dat
1 7 -40 -8 -560 0 0 1 0 1 0 -1 0 0 3068b.dat
1 7 0 -8 -560 0 0 1 0 1 0 -1 0 0 3068b.dat
1 7 -120 -8 -520 0 0 1 0 1 0 -1 0 0 3068b.dat
1 7 -80 -8 -520 0 0 1 0 1 0 -1 0 0 3068b.dat
1 7 -40 -8 -520 0 0 1 0 1 0 -1 0 0 3068b.dat
1 7 0 -8 -520 0 0 1 0 1 0 -1 0 0 3068b.dat
1 1 110 -144 -650 0 0 1 0 1 0 -1 0 0 3005.dat
1 1 140 -168 -650 -1 0 0 0 1 0 0 0 -1 3010.dat
1 16 270 -24 -350 0 0 1 0 1 0 -1 0 0 plotter.ldr
1 7 -60 -16 20 1 0 0 0 1 0 0 0 1 3030.dat
1 14 -150 -40 20 0 0 -1 0 1 0 1 0 0 3010.dat
1 14 -150 -64 20 0 0 -1 0 1 0 1 0 0 3010.dat
1 14 -150 -88 20 0 0 -1 0 1 0 1 0 0 3010.dat
1 14 -150 -112 20 0 0 -1 0 1 0 1 0 0 3010.dat
1 14 30 -112 20 0 0 -1 0 1 0 1 0 0 3010.dat
1 14 30 -88 20 0 0 -1 0 1 0 1 0 0 3010.dat
1 14 30 -64 20 0 0 -1 0 1 0 1 0 0 3010.dat
1 14 30 -40 20 0 0 -1 0 1 0 1 0 0 3010.dat
1 14 -150 -136 20 0 0 -1 0 1 0 1 0 0 3701.dat
1 14 30 -136 20 0 0 -1 0 1 0 1 0 0 3701.dat
1 1 160 -24 -640 0 0 1 0 1 0 -1 0 0 3003.dat
1 1 150 -24 -560 0 0 1 0 1 0 -1 0 0 3009.dat
1 1 160 -72 -640 0 0 1 0 1 0 -1 0 0 3003.dat
1 1 150 -72 -560 0 0 1 0 1 0 -1 0 0 3009.dat
1 7 120 -262 -390 -0.043 -0.999 0 -0.999 0.043 0 0 0 -1 3712.dat
1 7 140 -182 -155 -1 0 0 0 -1 0 0 0 1 3712.dat
1 7 140 -182 -185 -1 0 0 0 0.909 -0.416 0 -0.416 -0.909 3326a.dat
1 7 120 -262 -360 0.995 -0.043 -0.094 -0.043 -0.999 0.004 -0.094 0 -0.996 3326a.dat
1 7 123.101 -249.594 -332.862 0.995 0 0.103 -0.043 0.909 0.414 -0.094 -0.416 0.905 3712.dat
1 7 136.899 -194.406 -212.138 0 0.995 -0.103 0.909 -0.043 -0.414 -0.416 -0.094 -0.905 3712.dat
1 0 130.338 -220.647 -269.54 0.103 0.995 0 0.414 -0.043 0.909 0.905 -0.094 -0.416 3707.dat
1 7 60 -182 -155 -1 0 0 0 -1 0 0 0 1 3712.dat
1 7 60 -182 -185 -1 0 0 0 0.909 -0.416 0 -0.416 -0.909 3326a.dat
1 7 56.899 -194.406 -212.138 0 0.995 -0.103 0.909 -0.043 -0.414 -0.416 -0.094 -0.905 3712.dat
1 7 43.101 -249.594 -332.862 0.995 0 0.103 -0.043 0.909 0.414 -0.094 -0.416 0.905 3712.dat
1 7 40 -262 -390 -0.043 -0.999 0 -0.999 0.043 0 0 0 -1 3712.dat
1 7 40 -262 -360 0.995 -0.043 -0.094 -0.043 -0.999 0.004 -0.094 0 -0.996 3326a.dat
1 0 50.338 -220.647 -269.54 0.103 0.995 0 0.414 -0.043 0.909 0.905 -0.094 -0.416 3707.dat
1 0 -60 -126 20 -1 0 0 0 1 0 0 0 -1 3708.dat
1 7 -170 -126 20 0 0 1 0 -1 0 1 0 0 6590.dat
1 7 50 -126 20 0 0 -1 0 -1 0 -1 0 0 6590.dat
1 7 -170 -62 -580 0 0 1 0 -1 0 1 0 0 6590.dat
1 0 -60 -62 -580 -1 0 0 0 1 0 0 0 -1 3708.dat
1 7 50 -62 -580 0 0 -1 0 -1 0 -1 0 0 6590.dat
1 7 -140 -86 -500 1 0 0 0 -1 0 0 0 -1 3673.dat
1 16 -60 -62 -580 -1 0 0 0 0.946 0.326 0 0.326 -0.946 paper-guide-plate.ldr
0 FILE paper-drive.ldr
0 Name: paper-drive.ldr
0 Author: LEGO [cgudrian]
1 7 0 0 0 1 0 0 0 1 0 0 0 1 6590.dat
1 0 0 0 -110 0 0 1 0 1 0 -1 0 0 3708.dat
1 7 0 0 -220 1 0 0 0 1 0 0 0 1 3648a.dat
1 7 0 0 -180 1 0 0 0 1 0 0 0 1 3482c01.dat
1 7 0 0 -135 1 0 0 0 1 0 0 0 1 3482c01.dat
1 7 0 0 -40 1 0 0 0 1 0 0 0 1 3482c01.dat
1 7 0 0 -85 1 0 0 0 1 0 0 0 1 3482c01.dat
0 FILE drive-line-1.ldr
0 Name: drive-line-1.ldr
0 Author: LEGO [cgudrian]
1 7 0 0 0 1 0 0 0 1 0 0 0 1 3647.dat
1 7 0 0 40 0 1 0 -1 0 0 0 0 1 6590.dat
1 7 0 0 -20 0 -1 0 -1 0 0 0 0 -1 24505.dat
1 0 0 0 10 0 -1 0 0 0 -1 1 0 0 3705.dat
0 FILE drive-line-2.ldr
0 Name: drive-line-2.ldr
0 Author: LEGO [cgudrian]
1 0 -40 0 0 1 0 0 0 1 0 0 0 1 3707.dat
1 7 -10 0 0 0 0 -1 0 1 0 1 0 0 24505.dat
1 7 30 0 0 0 0 1 -1 0 0 0 -1 0 3647.dat
0 FILE drive-line-3.ldr
0 Name: drive-line-3.ldr
0 Author: LEGO [cgudrian]
1 0 0 0 0 1 0 0 0 1 0 0 0 1 3705.dat
1 7 5 0 0 0 0 -1 0 1 0 1 0 0 24505.dat
0 FILE drive-line-4.ldr
0 Name: drive-line-4.ldr
0 Author: LEGO [cgudrian]
1 7 0 0 0 1 0 0 0 1 0 0 0 1 3647.dat
1 7 0 0 -38 0 1 0 1 0 0 0 0 -1 3650b.dat
1 0 0 0 -10 0 -1 0 0 0 -1 1 0 0 3706.dat
1 7 0 0 20 1 0 0 0 1 0 0 0 1 6590.dat
0 FILE drive-line-5.ldr
0 Name: drive-line-5.ldr
0 Author: LEGO [cgudrian]
1 0 0 0 0 1 0 0 0 1 0 0 0 1 3705.dat
1 7 -10 0 0 0 0 -1 0 -1 0 -1 0 0 34432.dat
1 7 10 0 0 0 0 -1 0 -1 0 -1 0 0 3647.dat
0 FILE belt-drive.ldr
0 Name: belt-drive.ldr
0 Author: LEGO [cgudrian]
1 7 0 0 0 1 0 0 0 1 0 0 0 1 34432.dat
1 0 0 0 -110 0 0 1 0 1 0 -1 0 0 3708.dat
1 7 0 0 -60 1 0 0 0 1 0 0 0 1 3648a.dat
1 7 0 0 -160 1 0 0 0 1 0 0 0 1 3648a.dat
1 7 0 0 -180 1 0 0 0 1 0 0 0 1 6590.dat
1 7 0 0 -40 1 0 0 0 -1 0 0 0 -1 6590.dat
0 FILE belt-idle.ldr
0 Name: belt-idle.ldr
0 Author: LEGO [cgudrian]
1 0 0 0 0 1 0 0 0 1 0 0 0 1 3708.dat
1 7 70 0 0 0 0 -1 -1 0 0 0 1 0 6590.dat
1 7 50 0 0 0 0 1 -1 0 0 0 -1 0 3648a.dat
1 7 -50 0 0 0 0 1 -1 0 0 0 -1 0 3648a.dat
1 7 -70 0 0 0 0 1 -1 0 0 0 -1 0 6590.dat
0 FILE belt.ldr
0 Name: belt.ldr
0 Author: LDCad
0 !CATEGORY technic
0 !KEYWORDS flexible, chain
0 !LDCAD CONTENT [type=path] [addFallBack=default] [looped=true] [displayKind=links] [curveStep=16] [displayLenCor=0]

0 !LDCAD PATH_POINT [type=circle] [posOri=0 0 0 1 0 0 0 1 0 0 0 1] [prevCPDist=8] [nextCPDist=7.5] [cirR=31.2] [cirDir=xyCW] [prevYRoll=0] [nextYRoll=0]
0 !LDCAD PATH_POINT [type=circle] [posOri=340 0 0 0.999391 -0.034899 0 0.034899 0.999391 0 0 0 1] [prevCPDist=25] [nextCPDist=25] [cirR=31.2] [cirDir=xyCW] [prevYRoll=0] [nextYRoll=0]

0 !LDCAD PATH_SKIN [donCol=16] [donOri=0 1 0 0 0 1 1 0 0] [donPart=3873.dat] [donYSize=100%] [donCen=partCen] [donCenYOfs=0] [donFinScale=none] [donPlace=refsStat] [donYAlign=1] [donInline=false] [segSize=16] [segSizeTol=0] [segsCnt=0] [segsGrp=0] [segsMaxMerge=1] [segsMrgAng=0] [segsMrgRollAng=0] [segsEdgeDelKind=keepFirstLeft]

0 !LDCAD GENERATED [generator=LDCad 1.6d]
0 //This is the fallback LDraw content for above PATH configuration.
0 // Do not edit, any changes will be lost upon regeneration.
0 // The path is approx 349.54 mm (873.85) and exists out of 55 segments.

0 //Some general hints about the document.
0 UNOFFICIAL PART
0 BFC CERTIFY CCW

0 //Segments
1 16 -27.058895 -15.454813 0 0 0.965926 -0.258819 0 0.258819 0.965926 1 0 0 3873.dat
1 16 -15.847692 -26.870107 0 0 0.713456 -0.7007 0 0.7007 0.713456 1 0 0 3873.dat
1 16 -0.431967 -31.154429 0 0 0.26777 -0.963483 0 0.963483 0.26777 1 0 0 3873.dat
1 16 15.567977 -31.196607 0 0 0.002636 -0.999997 0 0.999997 0.002636 1 0 0 3873.dat
1 16 31.567977 -31.199763 0 0 0.000197 -1 0 1 0.000197 1 0 0 3873.dat
1 16 47.567977 -31.199979 0 0 0.000013 -1 0 1 0.000013 1 0 0 3873.dat
1 16 63.567977 -31.2 0 0 0.000001 -1 0 1 0.000001 1 0 0 3873.dat
1 16 79.567977 -31.200001 0 0 0 -1 0 1 0 1 0 0 3873.dat
1 16 95.567977 -31.200001 0 0 0 -1 0 1 0 1 0 0 3873.dat
1 16 111.567977 -31.200002 0 0 0 -1 0 1 0 1 0 0 3873.dat
1 16 127.567977 -31.200002 0 0 0 -1 0 1 0 1 0 0 3873.dat
1 16 143.567977 -31.200002 0 0 0 -1 0 1 0 1 0 0 3873.dat
1 16 159.567977 -31.200002 0 0 0 -1 0 1 0 1 0 0 3873.dat
1 16 175.567977 -31.200003 0 0 0 -1 0 1 0 1 0 0 3873.dat
1 16 191.567977 -31.200003 0 0 0 -1 0 1 0 1 0 0 3873.dat
1 16 207.567977 -31.200003 0 0 0 -1 0 1 0 1 0 0 3873.dat
1 16 223.567977 -31.200003 0 0 0 -1 0 1 0 1 0 0 3873.dat
1 16 239.567977 -31.200004 0 0 0 -1 0 1 0 1 0 0 3873.dat
1 16 255.567977 -31.200004 0 0 0 -1 0 1 0 1 0 0 3873.dat
1 16 271.567977 -31.200004 0 0 0 -1 0 1 0 1 0 0 3873.dat
1 16 287.567977 -31.200004 0 0 0 -1 0 1 0 1 0 0 3873.dat
1 16 303.567977 -31.200004 0 0 0 -1 0 1 0 1 0 0 3873.dat
1 16 319.567977 -31.200005 0 0 0 -1 0 1 0 1 0 0 3873.dat
1 16 335.567977 -31.200005 0 0 0 -1 0 1 0 1 0 0 3873.dat
1 16 351.420281 -29.031025 0 0 -0.135561 -0.990769 0 0.990769 -0.135561 1 0 0 3873.dat
1 16 364.286146 -19.519478 0 0 -0.594472 -0.804117 0 0.804117 -0.594472 1 0 0 3873.dat
1 16 370.804057 -4.907263 0 0 -0.913263 -0.407369 0 0.407369 -0.913263 1 0 0 3873.dat
1 16 369.145896 11.006583 0 0 -0.994615 0.103635 0 -0.103635 -0.994615 1 0 0 3873.dat
1 16 359.868629 24.042392 0 0 -0.814738 0.579829 0 -0.579829 -0.814738 1 0 0 3873.dat
1 16 345.317401 30.695343 0 0 -0.415809 0.909452 0 -0.909452 -0.415809 1 0 0 3873.dat
1 16 329.32494 31.186436 0 0 -0.030693 0.999529 0 -0.999529 -0.030693 1 0 0 3873.dat
1 16 313.324944 31.198737 0 0 -0.000769 1 0 -1 -0.000769 1 0 0 3873.dat
1 16 297.324944 31.199895 0 0 -0.000072 1 0 -1 -0.000072 1 0 0 3873.dat
1 16 281.324944 31.200004 0 0 -0.000007 1 0 -1 -0.000007 1 0 0 3873.dat
1 16 265.324944 31.200004 0 0 0 1 0 -1 0 1 0 0 3873.dat
1 16 249.324944 31.200004 0 0 0 1 0 -1 0 1 0 0 3873.dat
1 16 233.324944 31.200003 0 0 0 1 0 -1 0 1 0 0 3873.dat
1 16 217.324944 31.200003 0 0 0 1 0 -1 0 1 0 0 3873.dat
1 16 201.324944 31.200003 0 0 0 1 0 -1 0 1 0 0 3873.dat
1 16 185.324944 31.200003 0 0 0 1 0 -1 0 1 0 0 3873.dat
1 16 169.324944 31.200003 0 0 0 1 0 -1 0 1 0 0 3873.dat
1 16 153.324944 31.200002 0 0 0 1 0 -1 0 1 0 0 3873.dat
1 16 137.324944 31.200002 0 0 0 1 0 -1 0 1 0 0 3873.dat
1 16 121.324944 31.200002 0 0 0 1 0 -1 0 1 0 0 3873.dat
1 16 105.324944 31.200002 0 0 0 1 0 -1 0 1 0 0 3873.dat
1 16 89.324944 31.200001 0 0 0 1 0 -1 0 1 0 0 3873.dat
1 16 73.324944 31.200001 0 0 0 1 0 -1 0 1 0 0 3873.dat
1 16 57.324944 31.200001 0 0 0 1 0 -1 0 1 0 0 3873.dat
1 16 41.324944 31.200001 0 0 0 1 0 -1 0 1 0 0 3873.dat
1 16 25.324944 31.2 0 0 0 1 0 -1 0 1 0 0 3873.dat
1 16 9.324944 31.2 0 0 0 1 0 -1 0 1 0 0 3873.dat
1 16 -6.658155 30.464794 0 0 0.04595 0.998944 0 -0.998944 0.04595 1 0 0 3873.dat
1 16 -20.868436 23.111706 0 0 0.459568 0.888143 0 -0.888143 0.459568 1 0 0 3873.dat
1 16 -29.622318 9.718814 0 0 0.837056 0.547118 0 -0.547118 0.837056 1 0 0 3873.dat
1 16 -31.2 0 0 0 0.987079 0.160235 0 -0.160235 0.987079 1 0 0 3873.dat
0 FILE decoder.ldr
0 Name: decoder.ldr
0 Author: LEGO [cgudrian]
1 7 0 0 0 1 0 0 0 1 0 0 0 1 6216a.dat
1 7 0 26 -50 0 -1 0 -1 0 0 0 0 -1 3647.dat
1 1 -30 40 -80 0 0 1 0 1 0 -1 0 0 3010.dat
1 1 -30 16 -50 1 0 0 0 1 0 0 0 1 3005.dat
1 1 -30 16 -80 0 0 1 0 1 0 -1 0 0 3700.dat
1 1 -30 -32 -40 0 0 1 0 1 0 -1 0 0 3702.dat
1 1 -10 -8 -20 1 0 0 0 1 0 0 0 1 3021.dat
1 1 -10 -8 20 1 0 0 0 1 0 0 0 1 3021.dat
1 16 -270 40 0 0 0 1 0 1 0 -1 0 0 decoder-side.ldr
1 16 -60 -22 -40 -1 0 0 0 1 0 0 0 -1 drive-line-5.ldr
1 16 -50 26 -80 0 0 -1 -0.99 -0.139 0 -0.139 0.99 0 drive-line-4.ldr
1 16 -70 -22 20 0 0 1 0.998 -0.07 0 0.07 0.998 0 belt-drive.ldr
1 16 -180 -22 -320 -1 0 0 0 1 0 0 0 -1 belt-idle.ldr
1 0 -130 -22 -320 0 0 -1 0 1 0 1 0 0 belt.ldr
1 16 -90 40 0 0 0 1 0 1 0 -1 0 0 decoder-side.ldr
1 1 -180 -40 -160 -1 0 0 0 1 0 0 0 -1 3033.dat
1 1 -130 -48 -160 0 0 -1 0 1 0 1 0 0 4162.dat
1 1 -230 -48 -160 0 0 -1 0 1 0 1 0 0 4162.dat
1 0 -230 -22 -320 0 0 -1 0 1 0 1 0 0 belt.ldr
1 16 -180 -80 -133.5 1 0 0 0 1 0 0 0 1 code-plate.ldr
1 16 -180 -80 -165.5 1 0 0 0 1 0 0 0 1 code-plate.ldr
1 14 -180 -72 -101.5 1 0 0 0 1 0 0 0 1 3460.dat
1 14 -180 -80 -101.5 1 0 0 0 1 0 0 0 1 3460.dat
1 7 -250 -88 -131.5 0 0 1 0 1 0 -1 0 0 3743.dat
1 7 -210 -88 -131.5 0 0 1 0 1 0 -1 0 0 3743.dat
1 7 -130 -88 -131.5 0 0 1 0 1 0 -1 0 0 3743.dat
1 16 -290 -62 -60 0 0 -1 0 1 0 1 0 0 drive-line-10.ldr
1 16 -180 -102 -100 -1 0 0 0 1 0 0 0 -1 decoder-3.ldr
1 16 -180 -102 -180 -1 0 0 0 1 0 0 0 -1 decoder-7.ldr
1 16 -290 -102 -60 0 0 1 0.391 -0.921 0 0.921 0.391 0 decoder-1.ldr
1 16 -290 -102 -80 0 0 1 0 -1 0 1 0 0 decoder-2.ldr
1 16 -290 -102 -140 0 0 1 0.707 -0.707 0 0.707 0.707 0 decoder-5.ldr
1 16 -290 -102 -160 0 0 1 -0.375 -0.927 0 0.927 -0.375 0 decoder-6.ldr
1 16 -290 -102 -200 0 0 -1 0.375 -0.927 0 -0.927 -0.375 0 decoder-8.ldr
1 16 -290 -102 -120 0 0 -1 0.391 -0.921 0 -0.921 -0.391 0 decoder-4.ldr
1 16 -290 -62 -160 0 0 -1 0 1 0 1 0 0 drive-line-10.ldr
0 FILE decoder-side.ldr
0 Name: decoder-side.ldr
0 Author: LEGO [cgudrian]
1 1 0 0 0 1 0 0 0 1 0 0 0 1 3894.dat
1 1 220 0 0 1 0 0 0 1 0 0 0 1 3703.dat
1 1 320 -24 0 1 0 0 0 1 0 0 0 1 3894.dat
1 1 100 -24 0 1 0 0 0 1 0 0 0 1 3703.dat
1 1 220 -48 0 1 0 0 0 1 0 0 0 1 3703.dat
1 1 100 -72 0 1 0 0 0 1 0 0 0 1 3703.dat
1 1 0 -48 0 1 0 0 0 1 0 0 0 1 3894.dat
1 1 320 -72 0 1 0 0 0 1 0 0 0 1 3894.dat
1 1 20 -80 0 1 0 0 0 1 0 0 0 1 3460.dat
1 1 300 -80 0 1 0 0 0 1 0 0 0 1 3460.dat
1 1 -20 -88 0 1 0 0 0 1 0 0 0 1 3710.dat
1 1 320 -88 0 1 0 0 0 1 0 0 0 1 3666.dat
1 1 200 -88 0 1 0 0 0 1 0 0 0 1 3666.dat
1 1 80 -88 0 1 0 0 0 1 0 0 0 1 3666.dat
1 1 140 -112 0 1 0 0 0 1 0 0 0 1 3703.dat
1 1 320 -112 0 1 0 0 0 1 0 0 0 1 3004.dat
1 1 -30 -112 0 0 0 1 0 1 0 -1 0 0 6270.dat
1 1 350 -112 0 0 0 -1 0 1 0 1 0 0 6270.dat
1 1 40 -120 0 1 0 0 0 1 0 0 0 1 3460.dat
1 1 280 -120 0 1 0 0 0 1 0 0 0 1 3460.dat
1 1 160 -120 0 1 0 0 0 1 0 0 0 1 3710.dat
1 1 100 -128 0 1 0 0 0 1 0 0 0 1 3666.dat
1 1 220 -128 0 1 0 0 0 1 0 0 0 1 3666.dat
1 1 160 -152 0 1 0 0 0 1 0 0 0 1 3895.dat
0 FILE code-plate.ldr
0 Name: code-plate.ldr
0 Author: LEGO [cgudrian]
1 14 0 0 0 1 0 0 0 1 0 0 0 1 4162.dat
1 14 0 8 0 1 0 0 0 1 0 0 0 1 3460.dat
0 FILE plotter.ldr
0 Name: plotter.ldr
0 Author: LEGO [cgudrian]
1 4 0 0 0 1 0 0 0 1 0 0 0 1 3005.dat
1 4 -170 0 -240 1 0 0 0 1 0 0 0 1 3008.dat
1 4 -60 0 -240 1 0 0 0 1 0 0 0 1 3622.dat
1 4 -10 0 -240 1 0 0 0 1 0 0 0 1 3004.dat
1 4 -240 -24 -170 0 0 -1 0 1 0 1 0 0 3008.dat
1 4 -170 0 -120 1 0 0 0 1 0 0 0 1 3008.dat
1 4 -180 -24 -170 0 0 -1 0 1 0 1 0 0 3008.dat
1 4 -120 -24 -170 0 0 -1 0 1 0 1 0 0 3008.dat
1 4 -60 -24 -170 0 0 -1 0 1 0 1 0 0 3008.dat
1 4 0 -24 -170 0 0 -1 0 1 0 1 0 0 3008.dat
1 4 0 -24 -20 0 0 -1 0 1 0 1 0 0 3622.dat
1 4 0 0 -70 0 0 -1 0 1 0 1 0 0 3009.dat
1 4 -50 0 -120 1 0 0 0 1 0 0 0 1 3010.dat
1 4 0 -24 -70 0 0 1 0 1 0 -1 0 0 3004.dat
1 4 0 -48 0 1 0 0 0 1 0 0 0 1 3005.dat
1 4 -60 -48 -170 0 0 -1 0 1 0 1 0 0 3702.dat
1 4 -120 -48 -170 0 0 -1 0 1 0 1 0 0 3702.dat
1 4 -180 -48 -170 0 0 -1 0 1 0 1 0 0 3702.dat
1 4 -240 -48 -170 0 0 -1 0 1 0 1 0 0 3702.dat
1 4 -240 -72 -170 0 0 -1 0 1 0 1 0 0 3008.dat
1 4 -180 -72 -170 0 0 -1 0 1 0 1 0 0 3008.dat
1 4 -120 -72 -170 0 0 -1 0 1 0 1 0 0 3008.dat
1 4 -60 -72 -170 0 0 -1 0 1 0 1 0 0 3008.dat
1 4 -60 -96 -170 0 0 -1 0 1 0 1 0 0 3702.dat
1 4 -120 -96 -170 0 0 -1 0 1 0 1 0 0 3702.dat
1 4 -180 -96 -170 0 0 -1 0 1 0 1 0 0 3702.dat
1 4 -240 -96 -170 0 0 -1 0 1 0 1 0 0 3702.dat
1 4 0 -48 -130 0 0 -1 0 1 0 1 0 0 3895.dat
1 4 -240 -120 -170 0 0 -1 0 1 0 1 0 0 3008.dat
1 4 -240 -144 -110 0 0 -1 0 1 0 1 0 0 3700.dat
1 4 -240 -144 -190 0 0 -1 0 1 0 1 0 0 3009.dat
1 4 -240 -168 -170 0 0 -1 0 1 0 1 0 0 3702.dat
1 4 -190 -120 -110 0 0 -1 0 1 0 1 0 0 3003.dat
1 4 -200 -144 -110 0 0 -1 0 1 0 1 0 0 3700.dat
1 4 -180 -144 -110 0 0 -1 0 1 0 1 0 0 3700.dat
1 4 -120 -120 -110 1 0 0 0 1 0 0 0 1 3002.dat
1 4 -140 -144 -110 0 0 -1 0 1 0 1 0 0 3700.dat
1 4 -100 -144 -110 0 0 -1 0 1 0 1 0 0 3700.dat
1 4 -50 -120 -110 0 0 -1 0 1 0 1 0 0 3003.dat
1 4 -40 -144 -110 0 0 -1 0 1 0 1 0 0 3700.dat
1 4 -60 -144 -110 0 0 -1 0 1 0 1 0 0 3700.dat
1 4 0 -72 -170 0 0 -1 0 1 0 1 0 0 3008.dat
1 4 0 -96 -170 0 0 -1 0 1 0 1 0 0 3702.dat
1 4 0 -144 -110 0 0 -1 0 1 0 1 0 0 3700.dat
1 4 0 -144 -190 0 0 -1 0 1 0 1 0 0 3009.dat
1 4 0 -168 -170 0 0 -1 0 1 0 1 0 0 3702.dat
1 4 -90 -168 -100 1 0 0 0 1 0 0 0 1 3008.dat
1 4 -200 -168 -100 1 0 0 0 1 0 0 0 1 3622.dat
1 4 0 -120 -170 0 0 -1 0 1 0 1 0 0 3008.dat
1 4 -20 -176 -100 1 0 0 0 1 0 0 0 1 3623.dat
1 4 -70 -176 -100 1 0 0 0 1 0 0 0 1 3023.dat
1 4 -170 -176 -100 1 0 0 0 1 0 0 0 1 3460.dat
1 4 -50 -176 -170 1 0 0 0 1 0 0 0 1 3795.dat
1 4 -190 -176 -170 1 0 0 0 1 0 0 0 1 3795.dat
1 4 -180 -120 -190 0 0 -1 0 1 0 1 0 0 3009.dat
1 4 -120 -120 -190 0 0 -1 0 1 0 1 0 0 3009.dat
1 4 -60 -120 -190 0 0 -1 0 1 0 1 0 0 3009.dat
1 4 -190 -168 -170 0 0 -1 0 1 0 1 0 0 3003.dat
1 4 -120 -168 -170 1 0 0 0 1 0 0 0 1 3002.dat
1 4 -50 -168 -170 0 0 -1 0 1 0 1 0 0 3003.dat
1 4 -60 -144 -190 0 0 -1 0 1 0 1 0 0 3009.dat
1 4 -180 -144 -190 0 0 -1 0 1 0 1 0 0 3009.dat
1 4 -120 -144 -190 0 0 -1 0 1 0 1 0 0 3009.dat
1 4 -200 -144 -170 0 0 1 0 1 0 -1 0 0 3004.dat
1 4 -200 -120 -190 0 0 1 0 1 0 -1 0 0 3004.dat
1 16 20 -38 -110 0 0 1 0.122 0.993 0 -0.993 0.122 0 drive-line-7.ldr
1 16 -20 -38 -230 0 0 1 0.139 0.99 0 -0.99 0.139 0 drive-line-6.ldr
1 16 30 -158 -210 1 0 0 0 0.921 -0.391 0 0.391 0.921 drive-line-8.ldr
1 16 -245 -158 -130 -1 0 0 0 1 0 0 0 -1 drive-line-9.ldr
1 16 -230 -38 -170 1 0 0 0 1 0 0 0 1 pen-drive.ldr
1 16 -170 -38 -170 1 0 0 0 0 -1 0 1 0 pen-drive.ldr
1 16 -70 -38 -170 -1 0 0 0 0.999 0.052 0 0.052 -0.999 pen-drive.ldr
1 16 -10 -38 -170 -1 0 0 0 -0.743 0.669 0 0.669 0.743 pen-drive.ldr
1 0 20 -158 -110 0 0 1 1 0 0 0 1 0 chain-1.ldr
1 0 20 -158 -210 0 0 1 1 0 0 0 1 0 chain-2.ldr
1 16 -220 -38 -230 0 0 -1 0.423 0.906 0 0.906 -0.423 0 drive-line-6.ldr
1 16 -260 -38 -110 0 0 -1 -0.375 -0.927 0 -0.927 0.375 0 drive-line-7.ldr
1 16 30 -158 -110 1 0 0 0 0.914 -0.407 0 0.407 0.914 drive-line-8.ldr
1 16 -245 -158 -210 -1 0 0 0 1 0 0 0 -1 drive-line-9.ldr
1 0 -260 -158 -130 0 0 1 1 0 0 0 1 0 chain-3.ldr
1 0 -260 -166 10 0 0 1 1 0 0 0 1 0 chain-4.ldr
1 0 -120 -86 -110 1 0 0 0 1 0 0 0 1 3708.dat
1 7 -40 -86 -110 0 0 1 0 1 0 -1 0 0 6590.dat
1 7 -100 -86 -110 0 0 1 0 1 0 -1 0 0 6590.dat
1 7 -140 -86 -110 0 0 1 0 1 0 -1 0 0 6590.dat
1 7 -200 -86 -110 0 0 1 0 1 0 -1 0 0 6590.dat
1 0 -120 -134 -110 1 0 0 0 1 0 0 0 1 3708.dat
1 7 -120 -134 -110 0 0 1 0 1 0 -1 0 0 6590.dat
1 16 -220 -164 -356 0 0 -1 0 1 0 1 0 0 pen-holder.ldr
1 16 -200 -106 -316 1 0 0 0 0.829 0.559 0 -0.559 0.829 pen-rod.ldr
1 16 -160 -164 -299.5 0 0 -1 0 1 0 1 0 0 pen-holder.ldr
1 16 -140 -106 -259.5 1 0 0 0 0.712 0.702 0 -0.702 0.712 pen-rod.ldr
1 16 -80 -164 -297 0 0 -1 0 1 0 1 0 0 pen-holder.ldr
1 16 -100 -106 -257 -1 0 0 0 -0.839 0.545 0 0.545 0.839 pen-rod.ldr
1 16 -40 -106 -319.5 -1 0 0 0 -0.957 0.289 0 0.289 0.957 pen-rod.ldr
1 16 -20 -164 -359.5 0 0 -1 0 1 0 1 0 0 pen-holder.ldr
0 FILE pen-drive.ldr
0 Name: pen-drive.ldr
0 Author: LEGO [cgudrian]
1 7 0 0 0 1 0 0 0 1 0 0 0 1 6562.dat
1 7 10 0 0 0 0 -1 0 1 0 1 0 0 3649.dat
1 7 20 10 -30 1 0 0 0 1 0 0 0 1 3673.dat
0 FILE chain-1.ldr
0 Name: chain-1.ldr
0 Author: LDCad
0 !CATEGORY technic
0 !KEYWORDS flexible, chain
0 !LDCAD CONTENT [type=path] [addFallBack=default] [looped=true] [displayKind=links] [curveStep=16] [displayLenCor=0]

0 !LDCAD PATH_POINT [type=circle] [posOri=0 0 0 1 0 0 0 1 0 0 0 1] [prevCPDist=25] [nextCPDist=25] [cirR=31] [cirDir=xyCW] [prevYRoll=0] [nextYRoll=0]
0 !LDCAD PATH_POINT [type=circle] [posOri=120 0 0 1 0 0 0 1 0 0 0 1] [prevCPDist=25] [nextCPDist=25] [cirR=31] [cirDir=xyCW] [prevYRoll=0] [nextYRoll=0]

0 !LDCAD PATH_SKIN [donCol=16] [donOri=0 1 0 0 0 1 1 0 0] [donPart=3711.dat] [donYSize=100%] [donCen=partCen] [donCenYOfs=0] [donFinScale=none] [donPlace=refsStat] [donYAlign=1] [donInline=false] [segSize=16] [segSizeTol=0] [segsCnt=0] [segsGrp=0] [segsMaxMerge=1] [segsMrgAng=0] [segsMrgRollAng=0] [segsEdgeDelKind=keepFirstLeft]

0 !LDCAD GENERATED [generator=LDCad 1.6d]
0 //This is the fallback LDraw content for above PATH configuration.
0 // Do not edit, any changes will be lost upon regeneration.
0 // The path is approx 172.97 mm (432.43) and exists out of 27 segments.
0 // warning: the path could not be filled out completely resulting in 0.17 mm (0.43) dead space due to configuration induced constrains.

0 //Some general hints about the document.
0 UNOFFICIAL PART
0 BFC CERTIFY CCW

0 //Segments
1 16 -26.858895 -15.454813 0 0 0.965926 -0.258819 0 0.258819 0.965926 1 0 0 3711.dat
1 16 -15.561648 -26.78496 0 0 0.708134 -0.706078 0 0.706078 0.708134 1 0 0 3711.dat
1 16 -0.118134 -30.968002 0 0 0.26144 -0.96522 0 0.96522 0.26144 1 0 0 3711.dat
1 16 15.881836 -30.999358 0 0 0.00196 -0.999998 0 0.999998 0.00196 1 0 0 3711.dat
1 16 31.881836 -30.999987 0 0 0.000039 -1 0 1 0.000039 1 0 0 3711.dat
1 16 47.881836 -30.999999 0 0 0.000001 -1 0 1 0.000001 1 0 0 3711.dat
1 16 63.881836 -31 0 0 0 -1 0 1 0 1 0 0 3711.dat
1 16 79.881836 -31 0 0 0 -1 0 1 0 1 0 0 3711.dat
1 16 95.881836 -31 0 0 0 -1 0 1 0 1 0 0 3711.dat
1 16 111.881836 -31 0 0 0 -1 0 1 0 1 0 0 3711.dat
1 16 127.847686 -29.955199 0 0 -0.0653 -0.997866 0 0.997866 -0.0653 1 0 0 3711.dat
1 16 141.742388 -22.021897 0 0 -0.495831 -0.868419 0 0.868419 -0.495831 1 0 0 3711.dat
1 16 149.830444 -8.216704 0 0 -0.862825 -0.505504 0 0.505504 -0.862825 1 0 0 3711.dat
1 16 149.942024 7.782907 0 0 -0.999976 -0.006974 0 0.006974 -0.999976 1 0 0 3711.dat
1 16 142.045987 21.698819 0 0 -0.869744 0.493502 0 -0.493502 -0.869744 1 0 0 3711.dat
1 16 128.28953 29.869491 0 0 -0.510667 0.859779 0 -0.859779 -0.510667 1 0 0 3711.dat
1 16 112.328988 30.99248 0 0 -0.070187 0.997534 0 -0.997534 -0.070187 1 0 0 3711.dat
1 16 96.328989 30.999616 0 0 -0.000446 1 0 -1 -0.000446 1 0 0 3711.dat
1 16 80.328989 30.999986 0 0 -0.000023 1 0 -1 -0.000023 1 0 0 3711.dat
1 16 64.328989 31 0 0 -0.000001 1 0 -1 -0.000001 1 0 0 3711.dat
1 16 48.328989 31 0 0 0 1 0 -1 0 1 0 0 3711.dat
1 16 32.328989 31 0 0 0 1 0 -1 0 1 0 0 3711.dat
1 16 16.328989 31 0 0 0 1 0 -1 0 1 0 0 3711.dat
1 16 0.328989 31 0 0 0 1 0 -1 0 1 0 0 3711.dat
1 16 -15.164725 27.006903 0 0 0.249569 0.968357 0 -0.968357 0.249569 1 0 0 3711.dat
1 16 -26.612755 15.829131 0 0 0.698611 0.715502 0 -0.715502 0.698611 1 0 0 3711.dat
1 16 -30.954045 0.429351 0 0 0.962486 0.271331 0 -0.271331 0.962486 1 0 0 3711.dat
0 FILE chain-2.ldr
0 Name: chain-2.ldr
0 Author: LDCad
0 !CATEGORY technic
0 !KEYWORDS flexible, chain
0 !LDCAD CONTENT [type=path] [addFallBack=default] [looped=true] [displayKind=links] [curveStep=16] [displayLenCor=0]

0 !LDCAD PATH_POINT [type=circle] [posOri=0 0 0 0.5 -0.866025 0 0.866025 0.5 0 0 0 1] [prevCPDist=25] [nextCPDist=25] [cirR=31] [cirDir=xyCW] [prevYRoll=0] [nextYRoll=0]
0 !LDCAD PATH_POINT [type=circle] [posOri=120 -20 0 1 0 0 0 1 0 0 0 1] [prevCPDist=25] [nextCPDist=25] [cirR=30] [cirDir=xyCW] [prevYRoll=0] [nextYRoll=0]

0 !LDCAD PATH_SKIN [donCol=16] [donOri=0 1 0 0 0 1 1 0 0] [donPart=3711.dat] [donYSize=100%] [donCen=partCen] [donCenYOfs=0] [donFinScale=none] [donPlace=refsStat] [donYAlign=1] [donInline=false] [segSize=16] [segSizeTol=0] [segsCnt=0] [segsGrp=0] [segsMaxMerge=1] [segsMrgAng=0] [segsMrgRollAng=0] [segsEdgeDelKind=keepFirstLeft]


0 !LDCAD GENERATED [generator=LDCad 1.6d]
0 //This is the fallback LDraw content for above PATH configuration.
0 // Do not edit, any changes will be lost upon regeneration.
0 // The path is approx 173.05 mm (432.64) and exists out of 27 segments.
0 // warning: the path could not be filled out completely resulting in 0.25 mm (0.64) dead space due to configuration induced constrains.

0 //Some general hints about the document.
0 UNOFFICIAL PART
0 BFC CERTIFY CCW

0 //Segments
1 16 -0.142041 -31.333767 0 0 0.280437 -0.959872 0 0.959872 0.280437 1 0 0 3711.dat
1 16 15.656868 -33.862496 0 0 0.158046 -0.987432 0 0.987432 0.158046 1 0 0 3711.dat
1 16 31.460181 -36.363555 0 0 0.156316 -0.987707 0 0.987707 0.156316 1 0 0 3711.dat
1 16 47.263566 -38.864158 0 0 0.156288 -0.987712 0 0.987712 0.156288 1 0 0 3711.dat
1 16 63.066957 -41.364727 0 0 0.156286 -0.987712 0 0.987712 0.156286 1 0 0 3711.dat
1 16 78.870348 -43.865294 0 0 0.156285 -0.987712 0 0.987712 0.156285 1 0 0 3711.dat
1 16 94.673739 -46.365861 0 0 0.156285 -0.987712 0 0.987712 0.156285 1 0 0 3711.dat
1 16 110.47713 -48.866427 0 0 0.156285 -0.987712 0 0.987712 0.156285 1 0 0 3711.dat
1 16 126.471619 -49.286333 0 0 0.026244 -0.999656 0 0.999656 0.026244 1 0 0 3711.dat
1 16 140.602883 -41.782509 0 0 -0.468989 -0.883204 0 0.883204 -0.468989 1 0 0 3711.dat
1 16 148.864758 -28.080633 0 0 -0.856367 -0.516367 0 0.516367 -0.856367 1 0 0 3711.dat
1 16 148.902215 -12.080677 0 0 -0.999997 -0.002341 0 0.002341 -0.999997 1 0 0 3711.dat
1 16 140.702677 1.658595 0 0 -0.858704 0.512471 0 -0.512471 -0.858704 1 0 0 3711.dat
1 16 126.602073 9.219876 0 0 -0.47258 0.881288 0 -0.881288 -0.47258 1 0 0 3711.dat
1 16 110.855235 12.054855 0 0 -0.177186 0.984177 0 -0.984177 -0.177186 1 0 0 3711.dat
1 16 95.095609 14.817856 0 0 -0.172688 0.984977 0 -0.984977 -0.172688 1 0 0 3711.dat
1 16 79.335482 17.578001 0 0 -0.172509 0.985008 0 -0.985008 -0.172509 1 0 0 3711.dat
1 16 63.575335 20.338033 0 0 -0.172502 0.985009 0 -0.985009 -0.172502 1 0 0 3711.dat
1 16 47.815187 23.098056 0 0 -0.172501 0.985009 0 -0.985009 -0.172501 1 0 0 3711.dat
1 16 32.055039 25.858079 0 0 -0.172501 0.985009 0 -0.985009 -0.172501 1 0 0 3711.dat
1 16 16.294891 28.618103 0 0 -0.172501 0.985009 0 -0.985009 -0.172501 1 0 0 3711.dat
1 16 0.467593 30.962599 0 0 -0.146531 0.989206 0 -0.989206 -0.146531 1 0 0 3711.dat
1 16 -15.054633 27.081815 0 0 0.242549 0.970139 0 -0.970139 0.242549 1 0 0 3711.dat
1 16 -26.542667 15.945161 0 0 0.696041 0.718002 0 -0.718002 0.696041 1 0 0 3711.dat
1 16 -30.940191 0.561345 0 0 0.961488 0.274845 0 -0.274845 0.961488 1 0 0 3711.dat
1 16 -27.137474 -14.980191 0 0 0.971346 -0.23767 0 0.23767 0.971346 1 0 0 3711.dat
1 16 -16.035024 -26.501284 0 0 0.720068 -0.693903 0 0.693903 0.720068 1 0 0 3711.dat
0 FILE drive-line-6.ldr
0 Name: drive-line-6.ldr
0 Author: LEGO [cgudrian]
1 7 0 0 0 1 0 0 0 1 0 0 0 1 3647.dat
1 7 0 0 40 1 0 0 0 1 0 0 0 1 3648a.dat
1 0 0 0 30 0 0 1 0 1 0 -1 0 0 3705.dat
0 FILE drive-line-7.ldr
0 Name: drive-line-7.ldr
0 Author: LEGO [cgudrian]
1 7 0 0 0 1 0 0 0 1 0 0 0 1 3648a.dat
1 0 0 0 -50 0 0 -1 0 1 0 1 0 0 3706.dat
1 7 0 0 -100 1 0 0 0 1 0 0 0 1 3647.dat
0 FILE drive-line-8.ldr
0 Name: drive-line-8.ldr
0 Author: LEGO [cgudrian]
1 0 0 0 0 1 0 0 0 1 0 0 0 1 3705.dat
1 7 10 0 0 0 0 1 0 1 0 -1 0 0 3647.dat
1 7 -10 0 0 0 0 1 0 1 0 -1 0 0 3648a.dat
0 FILE drive-line-9.ldr
0 Name: drive-line-9.ldr
0 Author: LEGO [cgudrian]
1 0 0 0 0 1 0 0 0 1 0 0 0 1 3706.dat
1 7 15 0 0 0 0 1 0 1 0 -1 0 0 3648a.dat
1 7 -25 0 0 0 0 -1 1 0 0 0 -1 0 6590.dat
0 FILE drive-line-10.ldr
0 Name: drive-line-10.ldr
0 Author: LEGO [cgudrian]
1 7 0 0 0 1 0 0 0 1 0 0 0 1 3648a.dat
1 7 0 0 -10 0 0 -1 0 1 0 1 0 0 6562.dat
0 FILE decoder-1.ldr
0 Name: decoder-1.ldr
0 Author: LEGO [cgudrian]
1 7 0 0 0 1 0 0 0 1 0 0 0 1 3647.dat
1 7 0 0 40 1 0 0 0 1 0 0 0 1 3647.dat
1 0 0 0 110 0 0 -1 0 -1 0 -1 0 0 3708.dat
1 7 0 0 220 1 0 0 0 1 0 0 0 1 6590.dat
0 FILE decoder-2.ldr
0 Name: decoder-2.ldr
0 Author: LEGO [cgudrian]
1 7 0 0 0 1 0 0 0 1 0 0 0 1 3647.dat
1 0 0 0 110 0 0 -1 0 -1 0 -1 0 0 3708.dat
1 7 0 0 60 1 0 0 0 1 0 0 0 1 3647.dat
1 7 0 0 220 1 0 0 0 1 0 0 0 1 6590.dat
0 FILE decoder-3.ldr
0 Name: decoder-3.ldr
0 Author: LEGO [cgudrian]
1 0 0 0 0 1 0 0 0 1 0 0 0 1 3708.dat
1 7 30 0 0 0 0 -1 0 -1 0 -1 0 0 3647.dat
1 7 -110 0 0 0 0 -1 0 -1 0 -1 0 0 3647.dat
0 FILE decoder-4.ldr
0 Name: decoder-4.ldr
0 Author: LEGO [cgudrian]
1 7 0 0 0 1 0 0 0 1 0 0 0 1 6590.dat
1 0 0 0 -110 0 0 1 0 -1 0 1 0 0 3708.dat
1 7 0 0 -100 -1 0 0 0 1 0 0 0 -1 3647.dat
1 7 0 0 -220 -1 0 0 0 1 0 0 0 -1 3647.dat
0 FILE decoder-5.ldr
0 Name: decoder-5.ldr
0 Author: LEGO [cgudrian]
1 7 0 0 0 1 0 0 0 1 0 0 0 1 3647.dat
1 0 0 0 110 0 0 -1 0 -1 0 -1 0 0 3708.dat
1 7 0 0 120 1 0 0 0 1 0 0 0 1 3647.dat
1 7 0 0 220 1 0 0 0 1 0 0 0 1 6590.dat
0 FILE decoder-6.ldr
0 Name: decoder-6.ldr
0 Author: LEGO [cgudrian]
1 7 0 0 0 1 0 0 0 1 0 0 0 1 3647.dat
1 0 0 0 110 0 0 -1 0 -1 0 -1 0 0 3708.dat
1 7 0 0 140 1 0 0 0 1 0 0 0 1 3647.dat
1 7 0 0 220 1 0 0 0 1 0 0 0 1 6590.dat
0 FILE decoder-7.ldr
0 Name: decoder-7.ldr
0 Author: LEGO [cgudrian]
1 0 0 0 0 1 0 0 0 1 0 0 0 1 3708.dat
1 7 -50 0 0 0 0 -1 0 -1 0 -1 0 0 3647.dat
1 7 -110 0 0 0 0 -1 0 -1 0 -1 0 0 3647.dat
0 FILE decoder-8.ldr
0 Name: decoder-8.ldr
0 Author: LEGO [cgudrian]
1 7 0 0 0 1 0 0 0 1 0 0 0 1 6590.dat
1 0 0 0 -110 0 0 1 0 -1 0 1 0 0 3708.dat
1 7 0 0 -180 -1 0 0 0 1 0 0 0 -1 3647.dat
1 7 0 0 -220 -1 0 0 0 1 0 0 0 -1 3647.dat
0 FILE chain-3.ldr
0 Name: chain-3.ldr
0 Author: LDCad
0 !CATEGORY technic
0 !KEYWORDS flexible, chain
0 !LDCAD CONTENT [type=path] [addFallBack=default] [looped=true] [displayKind=links] [curveStep=16] [displayLenCor=0]

0 !LDCAD PATH_POINT [type=circle] [posOri=0 0 0 1 0 0 0 1 0 0 0 1] [prevCPDist=25] [nextCPDist=25] [cirR=30.5] [cirDir=xyCW] [prevYRoll=0] [nextYRoll=0]
0 !LDCAD PATH_POINT [type=circle] [posOri=120 20 0 1 0 0 0 1 0 0 0 1] [prevCPDist=25] [nextCPDist=25] [cirR=30.5] [cirDir=xyCW] [prevYRoll=0] [nextYRoll=0]

0 !LDCAD PATH_SKIN [donCol=16] [donOri=0 1 0 0 0 1 1 0 0] [donPart=3711.dat] [donYSize=100%] [donCen=partCen] [donCenYOfs=0] [donFinScale=none] [donPlace=refsStat] [donYAlign=1] [donInline=false] [segSize=16] [segSizeTol=0] [segsCnt=0] [segsGrp=0] [segsMaxMerge=1] [segsMrgAng=0] [segsMrgRollAng=0] [segsEdgeDelKind=keepFirstLeft]

0 !LDCAD GENERATED [generator=LDCad 1.6d]
0 //This is the fallback LDraw content for above PATH configuration.
0 // Do not edit, any changes will be lost upon regeneration.
0 // The path is approx 173.01 mm (432.54) and exists out of 27 segments.
0 // warning: the path could not be filled out completely resulting in 0.21 mm (0.54) dead space due to configuration induced constrains.

0 //Some general hints about the document.
0 UNOFFICIAL PART
0 BFC CERTIFY CCW

0 //Segments
1 16 -26.272317 -15.431354 0 0 0.96446 -0.26423 0 0.26423 0.96446 1 0 0 3711.dat
1 16 -14.811267 -26.595777 0 0 0.697776 -0.716316 0 0.716316 0.697776 1 0 0 3711.dat
1 16 0.71046 -30.478559 0 0 0.242674 -0.970108 0 0.970108 0.242674 1 0 0 3711.dat
1 16 16.54148 -28.159338 0 0 -0.144951 -0.989439 0 0.989439 -0.144951 1 0 0 3711.dat
1 16 32.324466 -25.533054 0 0 -0.164143 -0.986437 0 0.986437 -0.164143 1 0 0 3711.dat
1 16 48.106805 -22.90289 0 0 -0.164385 -0.986396 0 0.986396 -0.164385 1 0 0 3711.dat
1 16 63.889111 -20.272523 0 0 -0.164398 -0.986394 0 0.986394 -0.164398 1 0 0 3711.dat
1 16 79.671414 -17.64214 0 0 -0.164399 -0.986394 0 0.986394 -0.164399 1 0 0 3711.dat
1 16 95.453717 -15.011757 0 0 -0.164399 -0.986394 0 0.986394 -0.164399 1 0 0 3711.dat
1 16 111.236019 -12.381373 0 0 -0.164399 -0.986394 0 0.986394 -0.164399 1 0 0 3711.dat
1 16 127.006013 -9.678168 0 0 -0.16895 -0.985625 0 0.985625 -0.16895 1 0 0 3711.dat
1 16 141.053542 -2.018735 0 0 -0.478715 -0.877971 0 0.877971 -0.478715 1 0 0 3711.dat
1 16 149.301947 11.691255 0 0 -0.856874 -0.515525 0 0.515525 -0.856874 1 0 0 3711.dat
1 16 149.464056 27.690434 0 0 -0.999949 -0.010132 0 0.010132 -0.999949 1 0 0 3711.dat
1 16 141.493358 41.563717 0 0 -0.86708 0.498169 0 -0.498169 -0.86708 1 0 0 3711.dat
1 16 127.589161 49.480363 0 0 -0.49479 0.869012 0 -0.869012 -0.49479 1 0 0 3711.dat
1 16 111.589293 49.41549 0 0 0.004055 0.999992 0 -0.999992 0.004055 1 0 0 3711.dat
1 16 95.790923 46.883389 0 0 0.158256 0.987398 0 -0.987398 0.158256 1 0 0 3711.dat
1 16 80.008247 44.255248 0 0 0.164259 0.986417 0 -0.986417 0.164259 1 0 0 3711.dat
1 16 64.225918 41.625022 0 0 0.164389 0.986396 0 -0.986396 0.164389 1 0 0 3711.dat
1 16 48.443614 38.994645 0 0 0.164399 0.986394 0 -0.986394 0.164399 1 0 0 3711.dat
1 16 32.661311 36.364261 0 0 0.164399 0.986394 0 -0.986394 0.164399 1 0 0 3711.dat
1 16 16.879008 33.733878 0 0 0.164399 0.986394 0 -0.986394 0.164399 1 0 0 3711.dat
1 16 1.096706 31.103494 0 0 0.164399 0.986394 0 -0.986394 0.164399 1 0 0 3711.dat
1 16 -14.332546 26.868142 0 0 0.264709 0.964328 0 -0.964328 0.264709 1 0 0 3711.dat
1 16 -25.963905 15.881264 0 0 0.68668 0.72696 0 -0.72696 0.68668 1 0 0 3711.dat
1 16 -30.494314 0.536057 0 0 0.959075 0.283151 0 -0.283151 0.959075 1 0 0 3711.dat
0 FILE chain-4.ldr
0 Name: chain-4.ldr
0 Author: LDCad
0 !CATEGORY technic
0 !KEYWORDS flexible, chain
0 !LDCAD CONTENT [type=path] [addFallBack=default] [looped=true] [displayKind=links] [curveStep=16] [displayLenCor=0]

0 !LDCAD PATH_POINT [type=circle] [posOri=8 -220 0 1 0 0 0 1 0 0 0 1] [prevCPDist=25] [nextCPDist=25] [cirR=30.7] [cirDir=xyCW] [prevYRoll=0] [nextYRoll=0]
0 !LDCAD PATH_POINT [type=circle] [posOri=128 -240 0 1 0 0 0 1 0 0 0 1] [prevCPDist=25] [nextCPDist=25] [cirR=30.2] [cirDir=xyCW] [prevYRoll=0] [nextYRoll=0]

0 !LDCAD PATH_SKIN [donCol=16] [donOri=0 1 0 0 0 1 1 0 0] [donPart=3711.dat] [donYSize=100%] [donCen=partCen] [donCenYOfs=0] [donFinScale=none] [donPlace=refsStat] [donYAlign=1] [donInline=false] [segSize=16] [segSizeTol=0] [segsCnt=0] [segsGrp=0] [segsMaxMerge=1] [segsMrgAng=0] [segsMrgRollAng=0] [segsEdgeDelKind=keepFirstLeft]

0 !LDCAD GENERATED [generator=LDCad 1.6d]
0 //This is the fallback LDraw content for above PATH configuration.
0 // Do not edit, any changes will be lost upon regeneration.
0 // The path is approx 172.89 mm (432.23) and exists out of 27 segments.
0 // warning: the path could not be filled out completely resulting in 0.09 mm (0.23) dead space due to configuration induced constrains.

0 //Some general hints about the document.
0 UNOFFICIAL PART
0 BFC CERTIFY CCW

0 //Segments
1 16 -18.47756 -235.43279 0 0 0.964549 -0.263902 0 0.263902 0.964549 1 0 0 3711.dat
1 16 -7.106989 -246.689349 0 0 0.703535 -0.710661 0 0.710661 0.703535 1 0 0 3711.dat
1 16 8.281132 -251.071781 0 0 0.273902 -0.961758 0 0.961758 0.273902 1 0 0 3711.dat
1 16 24.062604 -253.707144 0 0 0.16471 -0.986342 0 0.986342 0.16471 1 0 0 3711.dat
1 16 39.854892 -256.2769 0 0 0.16061 -0.987018 0 0.987018 0.16061 1 0 0 3711.dat
1 16 55.64784 -258.842593 0 0 0.160356 -0.987059 0 0.987059 0.160356 1 0 0 3711.dat
1 16 71.44082 -261.408094 0 0 0.160344 -0.987061 0 0.987061 0.160344 1 0 0 3711.dat
1 16 87.2338 -263.973591 0 0 0.160344 -0.987061 0 0.987061 0.160344 1 0 0 3711.dat
1 16 103.026781 -266.539088 0 0 0.160344 -0.987061 0 0.987061 0.160344 1 0 0 3711.dat
1 16 118.819761 -269.104584 0 0 0.160344 -0.987061 0 0.987061 0.160344 1 0 0 3711.dat
1 16 134.817203 -269.390695 0 0 0.017882 -0.99984 0 0.99984 0.017882 1 0 0 3711.dat
1 16 148.868706 -261.738555 0 0 -0.478259 -0.878219 0 0.878219 -0.478259 1 0 0 3711.dat
1 16 157.089485 -248.011983 0 0 -0.857911 -0.513799 0 0.513799 -0.857911 1 0 0 3711.dat
1 16 157.060582 -232.012009 0 0 -0.999998 0.001806 0 -0.001806 -0.999998 1 0 0 3711.dat
1 16 148.910681 -218.243236 0 0 -0.860548 0.509369 0 -0.509369 -0.860548 1 0 0 3711.dat
1 16 134.831199 -210.642696 0 0 -0.475034 0.879968 0 -0.879968 -0.475034 1 0 0 3711.dat
1 16 119.077867 -207.844034 0 0 -0.174916 0.984583 0 -0.984583 -0.174916 1 0 0 3711.dat
1 16 103.307536 -205.142795 0 0 -0.168827 0.985646 0 -0.985646 -0.168827 1 0 0 3711.dat
1 16 87.536243 -202.447186 0 0 -0.168476 0.985706 0 -0.985706 -0.168476 1 0 0 3711.dat
1 16 71.764886 -199.751954 0 0 -0.168452 0.98571 0 -0.98571 -0.168452 1 0 0 3711.dat
1 16 55.993527 -197.056728 0 0 -0.168452 0.98571 0 -0.98571 -0.168452 1 0 0 3711.dat
1 16 40.222168 -194.361501 0 0 -0.168452 0.98571 0 -0.98571 -0.168452 1 0 0 3711.dat
1 16 24.450809 -191.666275 0 0 -0.168452 0.98571 0 -0.98571 -0.168452 1 0 0 3711.dat
1 16 8.620844 -189.339864 0 0 -0.145401 0.989373 0 -0.989373 -0.145401 1 0 0 3711.dat
1 16 -6.904225 -193.209261 0 0 0.241837 0.970317 0 -0.970317 0.241837 1 0 0 3711.dat
