0 Spaceman (white)
0 Author: LEGO [cgudrian]
1 15 0 -56 0 1 0 0 0 1 0 0 0 1 973p90.dat
1 15 15.552 -47 0 0.985 0.17 0 -0.12 0.697 0.707 0.12 -0.697 0.707 3819.dat
1 15 -15.552 -47 0 0.985 -0.17 0 0.12 0.697 0.707 -0.12 -0.697 0.707 3818.dat
1 15 -23.691 -41.432 -19.546 0.985 -0.12 0.12 0.12 0.993 0.007 -0.12 0.007 0.993 3820.dat
1 15 23.691 -41.432 -19.546 0.985 -0.12 -0.12 0.122 0.993 0.007 0.118 -0.022 0.993 3820.dat
1 14 0 -84 0 0.934 0.016 -0.358 -0.016 1 0.003 0.358 0.003 0.934 3626ap01.dat
1 15 0 -56 0 1 0 0 0 1 0 0 0 1 3838.dat
1 15 0 -84 0 0.934 0.016 -0.358 -0.016 1 0.003 0.358 0.003 0.934 3842a.dat
1 15 0 -24 0 1 0 0 0 1 0 0 0 1 73200-f2.dat
